filename,segment_index,segment_start_seconds,segment_end_seconds,pitch_mean_hz,spectral_centroid_mean_hz,energy_rms_mean,duration_seconds,mfcc_1,mfcc_2,mfcc_3,mfcc_4,mfcc_5,mfcc_6,mfcc_7,mfcc_8,mfcc_9,mfcc_10,mfcc_11,mfcc_12,mfcc_13
03-01-01-01-01-01-01.wav,0,0.0,2.0,178.588885836821,2724.6734402441316,0.08016898483037949,2.0,-326.23321533203125,46.76079559326172,-0.46243584156036377,20.338775634765625,3.1789629459381104,-4.1954450607299805,-8.44412612915039,-13.19424057006836,-10.783696174621582,1.5778523683547974,-6.739585876464844,0.22726143896579742,-7.01843786239624
03-01-01-01-01-01-01.wav,1,2.0,3.3033125,87.48215024615514,2355.5668434582867,0.02324485033750534,1.3033125,-493.8385009765625,69.29346466064453,4.9426679611206055,8.456997871398926,5.350954055786133,1.4756207466125488,4.339920997619629,-6.2479753494262695,-1.7090104818344116,3.527707815170288,0.032793693244457245,6.992000579833984,-2.1898324489593506
03-01-01-01-01-01-04.wav,0,0.0,2.0,316.78836709916897,2709.758680795267,0.08762798458337784,2.0,-321.6363525390625,24.70099449157715,-10.235174179077148,8.326663970947266,-16.84180450439453,-4.63582181930542,-19.308855056762695,-9.12726879119873,-7.405836582183838,-0.9235712289810181,-10.784112930297852,-3.315835475921631,-1.3973186016082764
03-01-01-01-01-01-04.wav,1,2.0,3.3033125,142.48250799882393,2277.579101957611,0.02466418966650963,1.3033125,-450.1189880371094,72.01712799072266,-3.4863929748535156,10.673605918884277,-0.7182149887084961,0.3517339825630188,-10.442238807678223,-8.971763610839844,-4.048787593841553,-4.386592388153076,-7.805049896240234,0.8120966553688049,-3.6503689289093018
03-01-01-01-01-01-11.wav,0,0.0,2.0,185.9743336899019,1939.105130920993,0.09078972041606903,2.0,-315.00091552734375,57.425174713134766,21.265771865844727,23.48418426513672,2.551715612411499,5.678776264190674,-0.7073147296905518,-0.4354777932167053,-4.176716327667236,4.403389930725098,1.7731071710586548,-0.004588176496326923,0.8076240420341492
03-01-01-01-01-01-11.wav,1,2.0,3.1365,92.13570728776239,1708.925195878347,0.018418453633785248,1.1365,-477.0003356933594,81.51944732666016,25.80394172668457,20.599092483520508,14.149641990661621,15.12916374206543,9.63064193725586,4.705631732940674,5.28181266784668,8.328924179077148,1.461713194847107,3.990903615951538,3.379585027694702
03-01-01-01-01-02-01.wav,0,0.0,2.0,131.2770224679088,2481.1815515482535,0.0739835873246193,2.0,-335.97393798828125,42.35063552856445,-3.4928717613220215,26.418832778930664,1.036199688911438,-0.49771609902381897,-8.30732250213623,-13.273736000061035,-6.122884273529053,2.304130792617798,-6.418825149536133,0.49388179183006287,-6.682273864746094
03-01-01-01-01-02-01.wav,1,2.0,3.3366875,104.55112590187242,2291.9722585589543,0.020772716030478477,1.3366875,-495.6155090332031,69.77498626708984,1.233256459236145,11.637816429138184,3.9091978073120117,0.9101210832595825,1.3218164443969727,-10.166982650756836,-4.045330047607422,4.0963616371154785,-0.6898884177207947,5.145030975341797,-2.0149753093719482
03-01-01-01-01-02-04.wav,0,0.0,2.0,290.1477577865435,1685.450499419671,0.08503424376249313,2.0,-345.0837097167969,27.671024322509766,-10.05530834197998,4.101249694824219,-20.780668258666992,-8.73783016204834,-22.114398956298828,-13.651819229125977,-10.14856243133545,-0.9894282817840576,-11.550782203674316,-2.577463388442993,-2.1706864833831787
03-01-01-01-01-02-04.wav,1,2.0,3.3700625,134.29729477648291,2358.816979736315,0.02955794148147106,1.3700625,-449.63739013671875,62.877723693847656,-4.784057140350342,6.172255516052246,-3.4298031330108643,-1.0655124187469482,-11.0552978515625,-12.291620254516602,-5.703583717346191,-6.278961181640625,-10.435406684875488,-3.0884058475494385,-6.013157844543457
03-01-01-01-01-02-11.wav,0,0.0,2.0,128.19870266282328,2015.0590423828792,0.11080612987279892,2.0,-301.3302917480469,55.628658294677734,16.976951599121094,20.359066009521484,5.420993328094482,8.218027114868164,0.2884330749511719,-3.5020909309387207,-3.7285118103027344,6.403403282165527,0.15825892984867096,-1.9494662284851074,-0.27465757727622986
03-01-01-01-01-02-11.wav,1,2.0,3.103125,84.03287907085044,1591.4213622600305,0.031760282814502716,1.103125,-444.5193786621094,87.44483947753906,24.562089920043945,16.163915634155273,8.657357215881348,11.020808219909668,8.709056854248047,2.9456098079681396,3.7296438217163086,2.7054455280303955,0.008344732224941254,4.461965084075928,7.193838596343994
03-01-01-01-02-01-01.wav,0,0.0,2.0,121.24239877356472,2442.9315875220277,0.06772448867559433,2.0,-351.25482177734375,50.28335952758789,0.1955319494009018,20.799560546875,-1.9057170152664185,0.31869304180145264,-10.329431533813477,-12.052262306213379,-8.281633377075195,0.553893506526947,-5.395098686218262,0.32533881068229675,-7.054675102233887
03-01-01-01-02-01-01.wav,1,2.0,3.2699375,128.50312756366816,2295.219470390889,0.0177219919860363,1.2699375,-521.1871337890625,65.41764068603516,0.7151052355766296,6.912772178649902,6.200511932373047,-0.1257707178592682,1.0562329292297363,-8.460538864135742,-6.824549198150635,3.908190965652466,-1.3207035064697266,6.446503639221191,-3.9856643676757812
03-01-01-01-02-01-04.wav,0,0.0,2.0,318.3427915887052,1151.6866102806891,0.06560920923948288,2.0,-380.4938659667969,34.58183670043945,-10.320574760437012,-1.5566487312316895,-15.965919494628906,-6.94363260269165,-22.616596221923828,-12.029969215393066,-10.835005760192871,-3.5027732849121094,-14.136722564697266,-3.655608654022217,-3.8451080322265625
03-01-01-01-02-01-04.wav,1,2.0,3.2699375,145.9341251205826,2477.327363396565,0.017321432009339333,1.2699375,-503.62030029296875,64.60649871826172,-7.688084602355957,5.092654228210449,1.0711842775344849,-1.3634650707244873,-12.065872192382812,-9.213019371032715,-4.304131507873535,-6.396979808807373,-8.4738187789917,-3.756631374359131,-6.6620306968688965
03-01-01-01-02-01-11.wav,0,0.0,2.0,109.28382630848725,2063.157075771337,0.10774519294500351,2.0,-284.5903015136719,49.1012077331543,21.660179138183594,24.106582641601562,1.5176997184753418,5.762819290161133,-1.9542316198349,-2.8181118965148926,-3.5353951454162598,3.643528938293457,-3.725379467010498,0.12117968499660492,-2.7272071838378906
03-01-01-01-02-01-11.wav,1,2.0,3.20325,103.35284287803593,1657.6010748231265,0.03518737852573395,1.20325,-444.195068359375,84.62288665771484,23.60184097290039,16.349925994873047,13.956123352050781,11.243021965026855,6.632582664489746,0.5195470452308655,4.7422990798950195,6.172863960266113,1.7384328842163086,2.332470655441284,2.5655264854431152
03-01-01-01-02-02-01.wav,0,0.0,2.0,141.70341711167376,2364.9080431494012,0.0599389486014843,2.0,-350.62457275390625,46.28947067260742,1.5573328733444214,20.285804748535156,1.6168731451034546,2.3464956283569336,-14.012611389160156,-15.251558303833008,-8.0021390914917,1.3913860321044922,-4.821979522705078,0.04383794963359833,-6.812401294708252
03-01-01-01-02-02-01.wav,1,2.0,3.169875,80.1928000092652,2151.8790813499645,0.012474696151912212,1.169875,-531.572265625,79.01878356933594,7.294417858123779,10.865447998046875,8.253436088562012,4.2535600662231445,3.5569705963134766,-3.940551280975342,-5.758218288421631,3.479810953140259,2.337900400161743,3.3677244186401367,-0.8547723889350891
03-01-01-01-02-02-04.wav,0,0.0,2.0,299.8690767504587,1305.1008409481688,0.07042372226715088,2.0,-353.8250732421875,35.57277297973633,-7.138857841491699,-1.7167699337005615,-14.928560256958008,-7.118234634399414,-22.73600959777832,-13.617918014526367,-11.278852462768555,-3.201580762863159,-13.644271850585938,-4.272712707519531,-3.231738567352295
03-01-01-01-02-02-04.wav,1,2.0,3.2365625,128.52517268287082,2491.3004366687874,0.019141117110848427,1.2365625,-481.64154052734375,62.53649139404297,-4.082533836364746,5.5055670738220215,-1.3391047716140747,-0.4219205677509308,-10.036417961120605,-6.144951820373535,-3.8124101161956787,-4.521069049835205,-8.86375904083252,-2.895448923110962,-5.71052360534668
03-01-01-01-02-02-11.wav,0,0.0,2.0,130.9665493163101,2035.6566873311144,0.113831527531147,2.0,-288.7147216796875,54.08222198486328,27.891284942626953,27.316770553588867,6.4252095222473145,7.880927562713623,-2.7461607456207275,-1.7530049085617065,-1.0458862781524658,8.648914337158203,-2.003612518310547,0.6410534381866455,-0.6825321912765503
03-01-01-01-02-02-11.wav,1,2.0,3.169875,105.58813892157193,1161.716378099626,0.041574876755476,1.169875,-405.6978454589844,93.92706298828125,28.220314025878906,23.556245803833008,15.337194442749023,9.840193748474121,9.304327011108398,2.67087984085083,4.725010395050049,7.604446887969971,0.9459906816482544,1.9424113035202026,1.0348501205444336
03-01-02-01-01-01-01.wav,0,0.0,2.0,138.97319832291865,2624.6754185315067,0.07403399795293808,2.0,-332.9742431640625,39.84423828125,7.872986316680908,19.393980026245117,1.4974530935287476,-1.6170400381088257,-7.1613450050354,-6.411840438842773,-9.161490440368652,0.16758504509925842,-5.352791786193848,-0.33697542548179626,-4.417688369750977
03-01-02-01-01-01-01.wav,1,2.0,3.536875,98.92135608826861,2091.6228260674125,0.0529865100979805,1.536875,-392.40667724609375,81.6540298461914,-2.6018528938293457,14.290205955505371,7.265993595123291,1.2801817655563354,-2.9481027126312256,-10.732390403747559,-8.74203109741211,4.819553375244141,-3.209376096725464,3.7413063049316406,-5.8930745124816895
03-01-02-01-01-01-04.wav,0,0.0,2.0,272.9133235236289,1777.352865101984,0.07753674685955048,2.0,-332.59381103515625,25.029598236083984,-7.258495330810547,3.0362296104431152,-21.99466323852539,-7.603668689727783,-18.55204200744629,-14.375964164733887,-12.465581893920898,-1.2492984533309937,-11.58926010131836,-2.942899703979492,-3.3411173820495605
03-01-02-01-01-01-04.wav,1,2.0,3.8038125,163.75594972807733,2049.480702064087,0.051248010247945786,1.8038125,-352.64117431640625,72.19734954833984,-17.779333114624023,2.164456605911255,-7.5112409591674805,-3.752314805984497,-17.558618545532227,-10.216546058654785,-3.562737464904785,-2.9070003032684326,-11.9208984375,0.345994234085083,-3.9198648929595947
03-01-02-01-01-01-11.wav,0,0.0,2.0,101.52784244646101,2128.2676998891748,0.09894546866416931,2.0,-281.92657470703125,52.69913864135742,22.722888946533203,25.962116241455078,12.758915901184082,10.74604606628418,1.7391350269317627,2.041903257369995,-1.1037626266479492,9.063058853149414,-0.47275885939598083,-1.2772489786148071,0.4613531827926636
03-01-02-01-01-01-11.wav,1,2.0,3.2699375,83.43902919778931,1491.3442595759632,0.04361274093389511,1.2699375,-351.38641357421875,81.5423583984375,23.70468521118164,24.880598068237305,13.469842910766602,18.955360412597656,10.317151069641113,2.6286773681640625,8.414249420166016,10.436882019042969,0.16896286606788635,3.2192306518554688,4.266334533691406
03-01-02-01-01-02-01.wav,0,0.0,2.0,139.3959130413348,2558.1562440135413,0.06657815724611282,2.0,-342.43927001953125,46.132389068603516,5.946919918060303,17.103506088256836,1.9655689001083374,-2.7409212589263916,-10.364460945129395,-5.729950904846191,-8.849225997924805,1.2454606294631958,-4.618634223937988,-1.7397279739379883,-4.078120708465576
03-01-02-01-01-02-01.wav,1,2.0,3.603625,128.65116654084173,2042.5335623587475,0.04128437861800194,1.603625,-413.7818603515625,87.6463623046875,-7.557804107666016,14.197264671325684,8.96012020111084,-1.3465089797973633,-2.3055059909820557,-10.258780479431152,-7.957047462463379,4.471856594085693,-2.9266607761383057,3.2877166271209717,-7.445009708404541
03-01-02-01-01-02-04.wav,0,0.0,2.0,270.2214688555103,1882.7660455086768,0.10667797923088074,2.0,-295.7073059082031,28.13778305053711,-14.445466995239258,5.166926383972168,-15.004693984985352,-7.947369575500488,-18.262483596801758,-10.358986854553223,-10.461140632629395,2.01426362991333,-11.17650318145752,0.07256702333688736,-2.3685402870178223
03-01-02-01-01-02-04.wav,1,2.0,3.7370625,189.2715991475877,2038.8166138985391,0.08541154861450195,1.7370625,-312.68597412109375,66.38277435302734,-21.830142974853516,5.374668598175049,-9.187885284423828,-3.316880702972412,-16.529966354370117,-8.06390380859375,-2.572246551513672,-4.426701068878174,-13.073153495788574,-2.2640392780303955,-4.34673547744751
03-01-02-01-01-02-11.wav,0,0.0,2.0,145.02851855652315,1924.6445942741343,0.11592262983322144,2.0,-258.25653076171875,60.07208251953125,22.365331649780273,29.872304916381836,12.573526382446289,7.998469352722168,-0.190562903881073,0.49577757716178894,-2.685732841491699,8.041031837463379,-3.599891424179077,-0.06675325334072113,0.29896804690361023
03-01-02-01-01-02-11.wav,1,2.0,3.3366875,80.4388909348587,1379.8761057931702,0.06885460019111633,1.3366875,-330.2194519042969,92.45807647705078,25.575876235961914,26.00798988342285,18.652647018432617,21.07358741760254,5.598350524902344,3.1858484745025635,5.913046360015869,8.08588695526123,2.9743595123291016,1.2409536838531494,1.2088737487792969
03-01-02-01-02-01-01.wav,0,0.0,2.0,141.84115940614043,2681.2680985117086,0.09061802178621292,2.0,-339.3749694824219,45.85186004638672,4.307216167449951,16.08075523376465,-1.7307237386703491,5.010533809661865,-9.430890083312988,-6.8915581703186035,-9.775934219360352,0.22212204337120056,-2.6577115058898926,0.04814799502491951,-5.171707630157471
03-01-02-01-02-01-01.wav,1,2.0,3.5035,110.58649723831904,2069.5827664663834,0.040294498205184937,1.5035,-420.68212890625,83.07872009277344,-5.624032020568848,13.506547927856445,7.647958755493164,-1.4172641038894653,-1.4604969024658203,-11.222357749938965,-5.668199062347412,6.750625133514404,-1.625653862953186,2.1960272789001465,-5.587202548980713
03-01-02-01-02-01-04.wav,0,0.0,2.0,310.5959813046325,1650.8861145320082,0.11561737209558487,2.0,-315.6680603027344,21.62952995300293,-5.662458896636963,-1.155848503112793,-17.029342651367188,-5.518489360809326,-20.006725311279297,-12.23824691772461,-11.161088943481445,-2.012948989868164,-10.379551887512207,-2.019110679626465,-6.92291784286499
03-01-02-01-02-01-04.wav,1,2.0,3.637,180.15393939103527,1882.0603573888634,0.09185730665922165,1.637,-306.3761901855469,70.70098876953125,-5.880964279174805,10.212546348571777,-4.839133262634277,-1.0759228467941284,-13.395913124084473,-7.792226314544678,-2.030442237854004,-1.3887914419174194,-6.8379411697387695,2.807562828063965,-2.7535593509674072
03-01-02-01-02-01-11.wav,0,0.0,2.0,149.6241226087458,2284.7214306827655,0.08602135628461838,2.0,-316.6400451660156,52.977684020996094,26.69873809814453,19.27825164794922,3.419567584991455,7.164426803588867,-6.027472019195557,1.641207218170166,-1.9351872205734253,8.457205772399902,-3.005784273147583,-0.6950250864028931,-2.0671136379241943
03-01-02-01-02-01-11.wav,1,2.0,3.3366875,123.3756322306829,1725.9067675723709,0.023496873676776886,1.3366875,-436.1048583984375,82.02992248535156,22.332927703857422,25.457868576049805,14.542909622192383,15.835136413574219,1.3828500509262085,-0.9877203106880188,3.873716354370117,6.823614120483398,2.023822069168091,1.438289999961853,0.6548346877098083
03-01-02-01-02-02-04.wav,0,0.0,2.0,262.52007075631667,2203.070387739065,0.11210247874259949,2.0,-288.60394287109375,38.6985969543457,-10.415671348571777,-2.7527782917022705,-14.222702980041504,-7.155354976654053,-29.132009506225586,-17.745718002319336,-8.85026741027832,-3.5252127647399902,-10.035228729248047,-4.986659049987793,0.4648420214653015
03-01-02-01-02-02-04.wav,1,2.0,3.57025,204.80070069171575,2161.67782045035,0.05875110626220703,1.57025,-324.8187561035156,65.45091247558594,-23.146589279174805,2.8886351585388184,-7.138541221618652,-3.556797504425049,-19.641263961791992,-5.954727649688721,-2.7085201740264893,-6.333738327026367,-12.395163536071777,-2.8981244564056396,-4.9603962898254395
03-01-02-01-02-02-11.wav,0,0.0,2.0,155.39439786855485,2395.936896577372,0.11438129097223282,2.0,-277.3493347167969,42.9885368347168,32.41060256958008,24.519878387451172,12.800294876098633,9.432316780090332,-4.430509567260742,0.721528947353363,-4.841867923736572,8.509064674377441,-0.0336187444627285,-2.437434673309326,-4.113060474395752
03-01-02-01-02-02-11.wav,1,2.0,3.670375,77.26105989363076,1550.1733840347044,0.06866852939128876,1.670375,-313.7107238769531,83.7369155883789,17.779911041259766,19.307220458984375,17.34206199645996,11.671277046203613,11.165751457214355,3.426084041595459,3.954230785369873,15.236869812011719,2.0482349395751953,1.9934430122375488,0.6718320250511169
03-01-02-02-01-01-04.wav,0,0.0,2.0,300.71352611366694,2179.0214368067395,0.08617118000984192,2.0,-320.3878173828125,13.791049003601074,-6.761970520019531,1.5979595184326172,-11.763920783996582,-5.621468544006348,-14.032815933227539,-7.287460803985596,-9.224806785583496,3.501925468444824,-11.065774917602539,-0.3672276437282562,-4.105432510375977
03-01-02-02-01-01-04.wav,1,2.0,3.970625,187.71292422381066,1868.053583755135,0.0756058618426323,1.970625,-310.18377685546875,72.42354583740234,-15.378680229187012,0.06124235689640045,-10.133023262023926,-6.15255880355835,-21.334209442138672,-12.457300186157227,-4.628190994262695,-7.550532817840576,-15.411029815673828,-5.499993324279785,-6.739752769470215
03-01-02-02-01-01-11.wav,0,0.0,2.0,138.3024416374878,2397.839702301931,0.08779377490282059,2.0,-274.70208740234375,42.055789947509766,25.605436325073242,28.377506256103516,10.695869445800781,7.69234561920166,-0.801300048828125,2.852418899536133,-1.2179495096206665,8.087082862854004,-1.1673705577850342,1.6694869995117188,2.120560884475708
03-01-02-02-01-01-11.wav,1,2.0,3.8371875,115.33203716670627,1403.99522068885,0.06198151409626007,1.8371875,-315.3460388183594,98.78353881835938,13.272139549255371,18.95085906982422,17.50581169128418,10.94090747833252,9.27294921875,1.4211710691452026,3.484584093093872,14.567352294921875,3.544367551803589,-1.9847428798675537,0.5652109384536743
03-01-02-02-01-02-04.wav,0,0.0,2.0,221.16240503334987,2519.2228096299186,0.09850332885980606,2.0,-254.57907104492188,34.84590530395508,-19.06911849975586,4.767786979675293,-15.232219696044922,-5.850257873535156,-27.345733642578125,-13.50413990020752,-8.265342712402344,-1.106380820274353,-10.374796867370605,1.6108026504516602,-0.6253413558006287
03-01-02-02-01-02-04.wav,1,2.0,3.8038125,168.77154347374332,1942.384196461203,0.06314166635274887,1.8038125,-332.4313659667969,77.4096908569336,-22.457992553710938,6.189947128295898,-5.811801910400391,-8.60655403137207,-25.602312088012695,-13.218365669250488,-4.1051716804504395,-6.805030345916748,-15.565406799316406,-1.2130703926086426,-4.33976411819458
03-01-02-02-01-02-11.wav,0,0.0,2.0,138.83889472533576,2362.5550765701614,0.07832021266222,2.0,-292.605712890625,37.84592819213867,20.251901626586914,29.16940689086914,9.314868927001953,7.549283504486084,2.1079118251800537,5.195241928100586,-2.945939779281616,7.801243782043457,-0.37221792340278625,0.3588894307613373,1.386872410774231
03-01-02-02-01-02-11.wav,1,2.0,3.737125,143.22741223821558,1775.8991737316687,0.050129689276218414,1.737125,-347.1787414550781,71.75977325439453,20.33930206298828,21.017681121826172,16.627246856689453,15.946891784667969,6.869697570800781,4.088644027709961,-0.030933119356632233,11.360662460327148,-3.203401565551758,1.29893159866333,-0.8159822225570679
03-01-02-02-02-01-04.wav,0,0.0,2.0,274.87639900088465,2200.6896958434986,0.11122656613588333,2.0,-271.47125244140625,27.852115631103516,-4.5541462898254395,7.196249008178711,-16.301618576049805,-3.521852493286133,-27.102636337280273,-10.935294151306152,-9.355050086975098,-3.3283562660217285,-6.725698471069336,0.5577610731124878,0.15538620948791504
03-01-02-02-02-01-04.wav,1,2.0,3.8038125,221.8391990907985,1960.1476896299712,0.06817680597305298,1.8038125,-281.292724609375,74.20549774169922,-26.286096572875977,1.356717586517334,-8.882223129272461,-3.8232553005218506,-24.38109016418457,-4.919862747192383,-2.0476584434509277,-2.5717380046844482,-16.416013717651367,0.46644753217697144,-5.086089611053467
03-01-02-02-02-01-11.wav,0,0.0,2.0,130.25391520639812,2134.9915509608973,0.10139583051204681,2.0,-287.2449035644531,44.729549407958984,29.335697174072266,25.37057876586914,10.006050109863281,9.598000526428223,0.32185477018356323,5.240334510803223,0.3114464282989502,8.830157279968262,0.1611434519290924,1.26975417137146,0.24611887335777283
03-01-02-02-02-01-11.wav,1,2.0,3.7704375,94.25671687507104,1605.9025727251706,0.05858486890792847,1.7704375,-324.0408630371094,80.87618255615234,16.864273071289062,22.99178695678711,16.952774047851562,10.460261344909668,8.582651138305664,-0.010029622353613377,1.461936593055725,12.326231002807617,1.8484876155853271,0.6534474492073059,1.4487583637237549
03-01-02-02-02-02-04.wav,0,0.0,2.0,277.8418813090929,3040.198448511092,0.08680131286382675,2.0,-348.2205505371094,20.195640563964844,1.137039303779602,-7.289501190185547,-13.563227653503418,-6.642622470855713,-24.37421989440918,-13.076068878173828,-9.835598945617676,-4.876302242279053,-13.644156455993652,-1.121888279914856,-9.83757495880127
03-01-02-02-02-02-04.wav,1,2.0,4.0,164.87167999657652,2133.397577331089,0.057902269065380096,2.0,-322.66363525390625,68.20384979248047,-15.833243370056152,5.61210298538208,-10.412519454956055,-12.630175590515137,-18.371458053588867,-6.348515033721924,-6.293242454528809,-8.225470542907715,-15.854364395141602,-2.375243663787842,-8.244455337524414
03-01-02-02-02-02-04.wav,2,4.0,4.037375,60.97955229563807,2691.3248664619978,0.0002271097182529047,0.037375,-579.127685546875,56.64247512817383,5.38715934753418,2.904694080352783,0.026749014854431152,-0.5227835774421692,-18.11581039428711,3.538428783416748,-2.48935866355896,-8.320703506469727,-15.285904884338379,6.752540588378906,1.6035826206207275
03-01-02-02-02-02-11.wav,0,0.0,2.0,143.10382966085794,2099.263784989751,0.12492924183607101,2.0,-274.5059814453125,43.33036422729492,26.695453643798828,24.743345260620117,8.422881126403809,9.696285247802734,-0.06681991368532181,2.208062171936035,-1.3066011667251587,9.238665580749512,1.9802864789962769,2.2047770023345947,-0.10918759554624557
03-01-02-02-02-02-11.wav,1,2.0,3.8371875,108.34289232841338,1524.4315551676061,0.08068341016769409,1.8371875,-307.2749938964844,85.77062225341797,15.169873237609863,20.789749145507812,14.788567543029785,10.711036682128906,6.334443092346191,1.2114198207855225,1.9655916690826416,15.429126739501953,2.1797261238098145,0.747633695602417,-0.8672667145729065
03-01-03-01-01-01-04.wav,0,0.0,2.0,313.89438322607106,1423.3491995047555,0.0703497976064682,2.0,-360.6978759765625,22.4379940032959,-19.612977981567383,5.051761150360107,-20.609127044677734,-4.811404705047607,-17.658634185791016,-11.059807777404785,-8.0164155960083,-5.356622219085693,-13.009753227233887,-1.6346378326416016,-2.1302547454833984
03-01-03-01-01-01-04.wav,1,2.0,3.5035,156.33286881668383,2160.493163846424,0.04020378738641739,1.5035,-424.7059020996094,61.793643951416016,-10.868915557861328,9.96372127532959,-6.8887200355529785,-5.1178998947143555,-15.60423469543457,-8.98997688293457,-4.586822032928467,-7.604952335357666,-10.88852596282959,-4.8143229484558105,-5.832519054412842
03-01-03-01-01-01-11.wav,0,0.0,2.0,145.69833705011902,1933.6227632278706,0.1143844723701477,2.0,-296.46417236328125,52.63474655151367,5.9099650382995605,15.691596984863281,3.172943115234375,1.7613612413406372,-10.131665229797363,-4.580685138702393,-8.265885353088379,6.776510715484619,-0.8714508414268494,-3.416653633117676,-0.48406171798706055
03-01-03-01-01-01-11.wav,1,2.0,3.103125,118.93562920051097,1549.0693944219597,0.019924744963645935,1.103125,-476.8978271484375,83.31061553955078,21.97693634033203,17.885116577148438,10.107175827026367,12.65427303314209,5.418586730957031,4.695735931396484,1.861811637878418,3.7819266319274902,1.9156649112701416,6.708371162414551,6.64117956161499
03-01-03-01-01-02-04.wav,0,0.0,2.0,347.2215637015257,2867.6476426444233,0.06219087541103363,2.0,-356.33642578125,18.925350189208984,-22.586353302001953,11.333677291870117,-21.296920776367188,-0.7946994304656982,-17.211732864379883,-11.851272583007812,-7.022258281707764,-4.280230522155762,-10.405708312988281,-3.6238982677459717,-3.1900227069854736
03-01-03-01-01-02-04.wav,1,2.0,3.536875,153.7121740965311,2178.382001697036,0.050002072006464005,1.536875,-422.5859069824219,58.772151947021484,-18.120868682861328,6.083489894866943,-8.537676811218262,-9.027320861816406,-14.588154792785645,-10.991568565368652,-0.9526762962341309,-7.0054240226745605,-13.029614448547363,-3.457726001739502,-4.437857627868652
03-01-03-01-01-02-11.wav,0,0.0,2.0,138.59689072822482,2024.6147158163228,0.11908993870019913,2.0,-292.5427551269531,51.42747116088867,9.636781692504883,12.22082233428955,6.032324314117432,1.0662883520126343,-5.186850070953369,-2.6903183460235596,-4.674124717712402,5.921320915222168,-2.392207384109497,-0.8302657008171082,-1.3246536254882812
03-01-03-01-01-02-11.wav,1,2.0,3.20325,93.89506089572974,1514.0941765069804,0.029863590374588966,1.20325,-457.23236083984375,89.8324203491211,22.053224563598633,15.470651626586914,15.070770263671875,9.240734100341797,6.7443060874938965,0.5024259686470032,2.021967649459839,6.254479885101318,2.5452880859375,2.4481050968170166,2.975670337677002
03-01-03-01-02-01-04.wav,0,0.0,2.0,309.7090620322344,2919.0769093693843,0.0917610302567482,2.0,-328.2183532714844,19.374303817749023,-12.499343872070312,4.321529388427734,-16.962329864501953,-2.07327938079834,-14.533994674682617,-11.759320259094238,-10.645106315612793,-3.3801915645599365,-9.22982406616211,-4.855827808380127,-5.027313709259033
03-01-03-01-02-01-04.wav,1,2.0,3.5035,138.09827301136525,2196.0864588639843,0.04151729866862297,1.5035,-407.1700439453125,74.33428192138672,-12.69478702545166,18.600252151489258,-6.147936820983887,-1.6857634782791138,-11.769222259521484,-6.548990249633789,-3.370927572250366,-4.2385334968566895,-8.584839820861816,-0.5211012959480286,-4.348726272583008
03-01-03-01-02-01-11.wav,0,0.0,2.0,139.50148030530312,2218.1839086750415,0.1171211302280426,2.0,-289.5130615234375,46.9098014831543,13.172592163085938,11.78228759765625,7.104658126831055,1.1905370950698853,-8.424988746643066,-5.114298343658447,-6.3015851974487305,5.846525192260742,-2.501131534576416,0.5383551716804504,-3.3916592597961426
03-01-03-01-02-01-11.wav,1,2.0,3.169875,91.07734131779831,1517.4949208413377,0.01878146454691887,1.169875,-484.6451110839844,82.5411376953125,22.325971603393555,15.33569049835205,14.266702651977539,8.00390338897705,5.6215739250183105,2.309443473815918,0.27250656485557556,4.9372124671936035,2.97786283493042,7.989272594451904,5.044548034667969
03-01-03-01-02-02-04.wav,0,0.0,2.0,319.67731533760224,2645.351565571967,0.10505407303571701,2.0,-322.43450927734375,27.801910400390625,-23.92668342590332,5.980008602142334,-18.987525939941406,-6.701750755310059,-19.98502540588379,-10.593759536743164,-7.026776313781738,-5.929182052612305,-10.80537223815918,-2.71766996383667,-5.791987895965576
03-01-03-01-02-02-04.wav,1,2.0,3.4368125,148.13845141473084,2212.772530238113,0.038724761456251144,1.4368125,-433.18133544921875,65.25921630859375,-3.5685625076293945,16.380048751831055,-3.1488590240478516,-1.331668496131897,-9.782159805297852,-4.451996803283691,-1.5929136276245117,-4.368785381317139,-4.648131370544434,-0.8194416761398315,-3.986135959625244
03-01-03-01-02-02-11.wav,0,0.0,2.0,157.06443315978123,2136.8637525842805,0.08875583112239838,2.0,-327.567138671875,46.23662567138672,14.471890449523926,16.26172637939453,2.796196222305298,1.8643797636032104,-6.368246555328369,-0.8531189560890198,-8.02707576751709,5.245889663696289,-2.0257763862609863,-2.4798078536987305,-1.8514991998672485
03-01-03-01-02-02-11.wav,1,2.0,3.236625,162.32818351364423,1699.5803193804743,0.028433041647076607,1.236625,-474.8220520019531,79.57780456542969,19.285581588745117,15.014379501342773,7.493269920349121,7.553818702697754,5.552371501922607,-2.223597764968872,-1.5048879384994507,1.5407040119171143,0.41252538561820984,0.19419948756694794,1.8285019397735596
03-01-03-02-01-01-04.wav,0,0.0,2.0,343.9557125911603,2480.07864400806,0.06077555567026138,2.0,-352.6283874511719,11.951218605041504,-15.707866668701172,3.8229501247406006,-16.247894287109375,-1.2437751293182373,-13.860664367675781,-11.14493465423584,-7.274830341339111,-2.54215145111084,-7.6773176193237305,3.3986997604370117,6.966787338256836
03-01-03-02-01-01-04.wav,1,2.0,3.8705625,270.52933622189806,2196.787586152483,0.0611569844186306,1.8705625,-324.3765869140625,45.47675323486328,-33.28219985961914,7.86802339553833,-12.412361145019531,-4.326955795288086,-20.591550827026367,-12.325614929199219,3.8888697624206543,-1.338129997253418,-16.00057601928711,0.05271092429757118,-0.06838227808475494
03-01-03-02-01-01-11.wav,0,0.0,2.0,241.68557783664852,2338.0919328074465,0.06125815585255623,2.0,-348.54486083984375,27.229703903198242,2.735081911087036,5.12820291519165,-2.8651480674743652,1.655658483505249,1.9929471015930176,-1.8414515256881714,-6.99594259262085,5.248111248016357,-2.506830930709839,2.1795220375061035,-1.6979340314865112
03-01-03-02-01-01-11.wav,1,2.0,4.0,182.35142981207588,1328.3182886868167,0.0566105879843235,2.0,-355.7282409667969,71.61316680908203,3.253627061843872,5.325247287750244,0.3641473650932312,1.3006373643875122,-6.451554775238037,-9.830913543701172,-12.099263191223145,2.297755241394043,-2.080684185028076,-0.9034194946289062,-5.73782205581665
03-01-03-02-01-01-11.wav,2,4.0,4.037375,214.56664053022894,1749.6715856713258,0.00012287269055377692,0.037375,-714.7958984375,84.78958129882812,-10.226837158203125,4.10399866104126,13.159863471984863,17.442420959472656,-2.6215291023254395,-8.194025039672852,-5.720182418823242,11.759020805358887,10.516225814819336,7.969577789306641,-2.5156819820404053
03-01-03-02-01-02-04.wav,0,0.0,2.0,351.0050238893814,1734.1395275419336,0.07135360687971115,2.0,-344.28314208984375,8.998815536499023,-21.936134338378906,6.886715412139893,-22.45901107788086,0.6819639205932617,-16.82242774963379,-8.53795051574707,-7.188840866088867,-5.847837448120117,-10.29442310333252,-0.11206334829330444,7.200186729431152
03-01-03-02-01-02-04.wav,1,2.0,3.57025,233.08833917614794,2289.6103530392497,0.039737313985824585,1.57025,-456.3483581542969,29.926780700683594,-20.674131393432617,6.740911483764648,-8.550545692443848,-4.669867515563965,-8.438279151916504,-6.849808216094971,1.3971514701843262,-5.164373874664307,-10.148392677307129,-6.3534836769104,-5.4278435707092285
03-01-03-02-01-02-11.wav,0,0.0,2.0,167.0449082589228,2189.1311514930085,0.06018915772438049,2.0,-344.2229309082031,27.583375930786133,2.8972840309143066,8.62272834777832,-0.5058807730674744,-0.852640688419342,-0.2947503626346588,-1.4490814208984375,-6.322990417480469,5.4951863288879395,-1.6133601665496826,1.3283395767211914,-1.3143515586853027
03-01-03-02-01-02-11.wav,1,2.0,3.637,268.9551111400267,1026.4711042021115,0.04528796672821045,1.637,-411.6828918457031,63.93273162841797,0.35574495792388916,12.000986099243164,-0.9921448826789856,3.418606758117676,-0.30889052152633667,-4.9474077224731445,-3.776638984680176,1.675912857055664,0.34972378611564636,0.9503543376922607,-1.4914995431900024
03-01-03-02-02-01-04.wav,0,0.0,2.0,339.20860493898635,2599.356926307906,0.06913036853075027,2.0,-356.9355773925781,6.325675964355469,-14.247918128967285,2.1443207263946533,-19.77629852294922,-5.09390115737915,-20.28952407836914,-11.840059280395508,-8.90635871887207,-5.609671592712402,-11.88076114654541,-5.982938289642334,-6.941657543182373
03-01-03-02-02-01-04.wav,1,2.0,3.603625,164.61515427929865,2316.6958731189243,0.05309377610683441,1.603625,-412.4335632324219,33.061370849609375,-24.169208526611328,3.74415922164917,-12.765158653259277,-8.914702415466309,-12.66076946258545,-8.85634708404541,-2.770601511001587,-7.145648956298828,-3.828894853591919,-3.125007152557373,-3.2331411838531494
03-01-03-02-02-01-11.wav,0,0.0,2.0,194.94163729093228,2557.7521343645,0.07512685656547546,2.0,-341.6503601074219,27.836591720581055,-0.4039490222930908,1.3301820755004883,-6.539399147033691,-0.4045422375202179,-7.949774742126465,-7.892493724822998,-12.833248138427734,1.3211159706115723,-3.91982102394104,-1.5063138008117676,-4.994744300842285
03-01-03-02-02-01-11.wav,1,2.0,3.8705625,174.71296328160275,1589.9681471170932,0.08659303188323975,1.8705625,-341.5682373046875,60.92420959472656,-7.849349021911621,5.388680458068848,-4.472975730895996,-2.1023473739624023,-3.0474674701690674,-9.81772518157959,-10.469208717346191,-3.1890058517456055,-5.151464462280273,-0.9803825616836548,-9.376049041748047
03-01-03-02-02-02-04.wav,0,0.0,2.0,309.43567667373054,2701.265748678711,0.058403778821229935,2.0,-365.8179931640625,11.99437427520752,-23.527692794799805,0.3820120692253113,-21.818603515625,-12.216320037841797,-23.781057357788086,-9.086688041687012,-9.914897918701172,-9.76362133026123,-13.64648723602295,-2.8553240299224854,-0.8191871047019958
03-01-03-02-02-02-04.wav,1,2.0,3.7704375,181.9379336013823,2388.0729448960483,0.049131009727716446,1.7704375,-387.11676025390625,27.29121971130371,-30.8309326171875,8.325027465820312,-14.622809410095215,-6.073557376861572,-19.898603439331055,-7.3414812088012695,-2.3235888481140137,-7.306766033172607,-16.495874404907227,-1.5022475719451904,-0.8942161798477173
03-01-03-02-02-02-11.wav,0,0.0,2.0,145.67298684546333,2137.9414943500083,0.07899358868598938,2.0,-334.014892578125,30.406005859375,-1.3965747356414795,2.3630011081695557,-4.2133002281188965,-2.528085708618164,-8.161624908447266,-2.817340850830078,-13.207850456237793,0.9924692511558533,-4.681720733642578,-2.076826572418213,-7.251155376434326
03-01-03-02-02-02-11.wav,1,2.0,3.5035,106.86349400926888,1433.8688640866483,0.028135046362876892,1.5035,-475.0118713378906,71.82131958007812,14.688838005065918,9.267245292663574,3.963174343109131,3.8992347717285156,-1.1158983707427979,-4.939794540405273,-5.2511420249938965,-0.8016747236251831,0.09831294417381287,-0.28301379084587097,-1.734737515449524
03-01-04-01-01-01-04.wav,0,0.0,2.0,246.59766946185093,2654.190468486748,0.07714861631393433,2.0,-343.6870422363281,25.681177139282227,-8.19739818572998,7.443789482116699,-16.537508010864258,-4.469664573669434,-17.351837158203125,-12.569978713989258,-12.595602989196777,-2.1974802017211914,-9.64492416381836,-5.364454746246338,-2.5446717739105225
03-01-04-01-01-01-04.wav,1,2.0,3.3700625,130.25902040091836,2220.030741337126,0.021229421719908714,1.3700625,-442.9205627441406,76.31024932861328,7.973983287811279,11.5736665725708,-1.1392834186553955,3.3512673377990723,-7.645279407501221,-7.8084282875061035,-5.55615758895874,-4.434726238250732,-10.065082550048828,-3.463913679122925,-4.23417329788208
03-01-04-01-01-01-11.wav,0,0.0,2.0,118.44569369343029,1977.976374417781,0.09573084861040115,2.0,-288.3418884277344,48.146976470947266,14.375565528869629,25.3568172454834,8.423913955688477,6.557493209838867,2.8473432064056396,2.5264060497283936,-1.6789754629135132,9.121051788330078,-0.7665844559669495,-0.34954726696014404,-1.7798048257827759
03-01-04-01-01-01-11.wav,1,2.0,3.3366875,135.1017713596685,1899.9795275907793,0.036091048270463943,1.3366875,-404.2327880859375,71.03899383544922,23.305809020996094,17.659114837646484,14.27704906463623,8.943025588989258,8.822347640991211,-3.55244517326355,1.5656083822250366,7.2818284034729,-1.0549516677856445,4.640462398529053,-1.593440294265747
03-01-04-01-01-02-04.wav,0,0.0,2.0,318.65770649851254,1856.622207941884,0.08304453641176224,2.0,-331.877197265625,19.210987091064453,-15.841056823730469,1.5763018131256104,-19.436309814453125,-3.670773983001709,-20.527780532836914,-12.922039031982422,-7.979604721069336,-2.2694945335388184,-11.587867736816406,-6.72341251373291,2.405419111251831
03-01-04-01-01-02-04.wav,1,2.0,3.4034375,144.45094048804833,2184.924923155724,0.03228653967380524,1.4034375,-453.0372009277344,50.259525299072266,-2.794950246810913,5.94485330581665,-3.6377029418945312,-1.3953229188919067,-8.427248001098633,-11.151012420654297,-3.3517816066741943,-5.5600972175598145,-6.576553821563721,-3.585169792175293,-1.6490894556045532
03-01-04-01-01-02-11.wav,0,0.0,2.0,129.94857639303288,2008.9091387184112,0.09542423486709595,2.0,-289.9569091796875,48.03932571411133,26.66802406311035,26.843624114990234,9.033681869506836,9.540336608886719,2.6720666885375977,0.22156764566898346,-4.965453147888184,8.524873733520508,3.183885097503662,2.305820941925049,-0.1922633945941925
03-01-04-01-01-02-11.wav,1,2.0,3.603625,115.46918702895535,1611.4927023123323,0.043078433722257614,1.603625,-378.8557434082031,84.5497817993164,22.893918991088867,24.701217651367188,11.7017822265625,9.629472732543945,6.961574554443359,-0.3257126212120056,-0.05962833762168884,8.352657318115234,0.48197320103645325,0.5729473233222961,0.8916585445404053
03-01-04-01-02-01-04.wav,0,0.0,2.0,328.2561848301136,2015.6451004975881,0.08691266179084778,2.0,-328.5535583496094,11.638191223144531,-19.51532745361328,3.8935739994049072,-23.092695236206055,-8.864470481872559,-23.72160530090332,-13.882638931274414,-12.498912811279297,-6.937950611114502,-12.180954933166504,-6.328004837036133,-2.6147823333740234
03-01-04-01-02-01-04.wav,1,2.0,3.4368125,136.06001584814322,2136.6487666156445,0.04239312931895256,1.4368125,-422.7125549316406,50.19347381591797,-3.86000919342041,7.3270263671875,-4.97373628616333,-4.59082555770874,-8.161698341369629,-11.793839454650879,-2.210847854614258,-5.51120662689209,-6.753924369812012,-1.9143002033233643,-0.49986881017684937
03-01-04-01-02-01-11.wav,0,0.0,2.0,161.4543818434702,2479.3065646406717,0.09122627228498459,2.0,-313.7047119140625,39.33191680908203,24.28578758239746,15.304031372070312,0.08699574321508408,7.607512474060059,-2.184546709060669,3.8277342319488525,-6.934556484222412,4.77084493637085,-2.9063289165496826,-2.701937675476074,-5.015694618225098
03-01-04-01-02-01-11.wav,1,2.0,3.536875,85.01226105964399,1505.3670990911155,0.03706894442439079,1.536875,-401.7234191894531,86.21585845947266,25.67719841003418,24.035085678100586,11.597518920898438,9.150483131408691,4.606579303741455,-3.0978686809539795,-2.2989256381988525,6.776859760284424,-3.4144906997680664,-0.13661684095859528,-1.9852347373962402
03-01-04-01-02-02-04.wav,0,0.0,2.0,320.9209923800123,2325.0718944178816,0.07503142207860947,2.0,-351.5185241699219,7.861972332000732,-17.965482711791992,-1.4134879112243652,-24.031396865844727,-10.50727653503418,-22.68246078491211,-15.681770324707031,-9.91816520690918,-8.179045677185059,-10.618880271911621,-5.424752712249756,0.2532978057861328
03-01-04-01-02-02-04.wav,1,2.0,3.470125,148.37279413440572,2439.957710672844,0.0274199191480875,1.470125,-477.0052795410156,46.956764221191406,-4.990860462188721,8.127117156982422,-9.751545906066895,-4.5114569664001465,-10.670354843139648,-13.039355278015137,-2.0674166679382324,-8.158378601074219,-7.7007832527160645,-3.1877057552337646,-4.057948112487793
03-01-04-01-02-02-11.wav,0,0.0,2.0,128.22781722624507,2224.7073260061716,0.10142908990383148,2.0,-318.661376953125,49.96324157714844,26.050230026245117,17.92837142944336,3.946835994720459,7.741450786590576,1.1137269735336304,0.3269278407096863,-4.907079696655273,5.0113606452941895,-1.307640552520752,-0.5157000422477722,-2.3263099193573
03-01-04-01-02-02-11.wav,1,2.0,3.4368125,139.30949981785028,1808.4953544044001,0.03345181420445442,1.4368125,-423.66546630859375,76.3949203491211,22.103992462158203,20.391162872314453,14.798301696777344,12.317658424377441,6.267289161682129,-2.358036994934082,3.276542901992798,5.801900863647461,-1.557154655456543,0.061211057007312775,-0.9650381207466125
03-01-04-02-01-01-04.wav,0,0.0,2.0,295.1132951044027,2158.4312527097995,0.06423383206129074,2.0,-347.3856506347656,5.192654609680176,-17.65821647644043,6.615476131439209,-18.681123733520508,-8.36837100982666,-21.499530792236328,-10.735624313354492,-6.8444390296936035,-1.8449122905731201,-8.207245826721191,6.369760513305664,16.45961570739746
03-01-04-02-01-01-04.wav,1,2.0,3.670375,198.02593851696827,2350.4427708966155,0.07846741378307343,1.670375,-377.8055725097656,29.406269073486328,-29.306974411010742,0.9215864539146423,-16.969385147094727,-12.546680450439453,-14.979703903198242,-14.196649551391602,1.1851489543914795,-7.14601993560791,-5.193272590637207,-5.76570987701416,-2.9099972248077393
03-01-04-02-01-01-11.wav,0,0.0,2.0,168.173693433941,2322.31716454696,0.06991058588027954,2.0,-333.9661865234375,35.61948776245117,1.7892282009124756,9.056804656982422,-2.2475242614746094,0.9137851595878601,-6.9901652336120605,-2.5364811420440674,-9.640933990478516,3.3685433864593506,-1.880822777748108,0.1813458949327469,-2.369485378265381
03-01-04-02-01-01-11.wav,1,2.0,3.3366875,121.06561455954939,1652.8663823722115,0.031051717698574066,1.3366875,-471.81854248046875,76.74095916748047,17.33856773376465,5.668045997619629,7.899608612060547,5.194745063781738,0.410684734582901,-3.063692331314087,-5.926632881164551,-1.60221266746521,-3.1313023567199707,0.664747953414917,-0.6392941474914551
03-01-04-02-01-02-04.wav,0,0.0,2.0,242.77217800103082,2767.35579013592,0.05341871455311775,2.0,-381.0261535644531,5.191656589508057,-11.866175651550293,1.6898242235183716,-13.538690567016602,0.40487658977508545,-13.548657417297363,-11.939569473266602,-5.769067764282227,4.097617149353027,2.631758689880371,13.174717903137207,19.067441940307617
03-01-04-02-01-02-04.wav,1,2.0,3.7704375,179.4881946001395,2241.040133096812,0.08260268718004227,1.7704375,-353.3396911621094,25.33582878112793,-23.21554946899414,-6.574950218200684,-19.702423095703125,-10.682599067687988,-13.263450622558594,-9.179414749145508,0.9853244423866272,-3.6432108879089355,-7.538877964019775,-2.785616397857666,6.142146110534668
03-01-04-02-01-02-11.wav,0,0.0,2.0,168.52340653544377,2140.273093437073,0.069302998483181,2.0,-299.6136169433594,43.80134582519531,4.60139274597168,15.086034774780273,0.3363977372646332,-3.451456069946289,-11.093853950500488,-4.564574241638184,-12.47055435180664,1.6301919221878052,-4.77737283706665,-2.181586742401123,-6.080482006072998
03-01-04-02-01-02-11.wav,1,2.0,3.603625,207.8832846457116,1115.7105627062035,0.05746918544173241,1.603625,-414.1717529296875,80.42064666748047,8.807519912719727,8.123883247375488,3.263343334197998,2.089939832687378,0.19911335408687592,-7.29738187789917,-5.255602836608887,-0.08961759507656097,-3.040428876876831,2.6466734409332275,-2.1636033058166504
03-01-04-02-02-01-04.wav,0,0.0,2.0,287.3138843412857,2669.6684780358687,0.06698774546384811,2.0,-353.5552673339844,-12.809871673583984,-27.816946029663086,-2.1156105995178223,-24.875091552734375,-13.647027015686035,-24.751920700073242,-12.601019859313965,-9.017953872680664,-2.4082188606262207,4.77329158782959,21.38982391357422,22.648252487182617
03-01-04-02-02-01-04.wav,1,2.0,3.7704375,219.09592887978448,2406.8474732060204,0.07530523836612701,1.7704375,-374.870849609375,13.537918090820312,-36.85417556762695,-7.564351558685303,-22.181957244873047,-16.66897964477539,-21.036062240600586,-14.6729736328125,-2.881587505340576,-8.629679679870605,-8.864974975585938,2.7918853759765625,10.896246910095215
03-01-04-02-02-01-11.wav,0,0.0,2.0,165.24900597699292,2340.5433146919117,0.08734350651502609,2.0,-319.6329650878906,34.3584098815918,5.298957347869873,11.057165145874023,-10.047348022460938,-0.4392334520816803,-12.40809440612793,-10.162284851074219,-14.151596069335938,-1.7558236122131348,-1.7967736721038818,-5.317577838897705,-3.7814340591430664
03-01-04-02-02-01-11.wav,1,2.0,3.3700625,113.76507370048212,1632.949451333151,0.039589714258909225,1.3700625,-442.47021484375,63.352725982666016,6.575443744659424,5.450774192810059,2.707271099090576,5.701967239379883,1.2757102251052856,-6.648138523101807,-3.7302768230438232,-2.005391836166382,-2.2423512935638428,0.307251513004303,-0.8260974287986755
03-01-04-02-02-02-04.wav,0,0.0,2.0,259.1234603493429,3189.1499134276114,0.06770717352628708,2.0,-337.98712158203125,-8.28558349609375,-24.014347076416016,3.7229371070861816,-22.90056800842285,-11.159173965454102,-21.57026481628418,-13.129855155944824,-13.189984321594238,-6.368785858154297,-8.419583320617676,10.013981819152832,19.122581481933594
03-01-04-02-02-02-04.wav,1,2.0,3.7704375,204.36253389232644,2298.960500350469,0.06507766991853714,1.7704375,-384.1033630371094,23.99105453491211,-29.687057495117188,0.9497560858726501,-18.350570678710938,-11.559846878051758,-14.406006813049316,-11.998906135559082,-1.6526072025299072,-8.660837173461914,-9.44095516204834,-3.6027908325195312,2.453336477279663
03-01-04-02-02-02-11.wav,0,0.0,2.0,210.49436759807355,2583.23623139312,0.07511214166879654,2.0,-278.85125732421875,29.357715606689453,3.0822057723999023,8.532763481140137,-8.524861335754395,1.3718996047973633,-16.542339324951172,-9.903515815734863,-17.288330078125,0.3300653100013733,-5.554318904876709,-6.242571830749512,-6.8913493156433105
03-01-04-02-02-02-11.wav,1,2.0,3.3366875,146.10872486317075,1240.682674854132,0.02147248573601246,1.3366875,-515.7483520507812,83.54413604736328,24.85146141052246,13.243768692016602,8.47493839263916,7.709936141967773,6.254560947418213,-2.033493995666504,-4.440410614013672,-2.0202200412750244,-1.4588419198989868,2.040079355239868,3.372127056121826
03-01-05-01-01-01-04.wav,0,0.0,2.0,327.38522760194417,2027.9789236568997,0.04924533888697624,2.0,-373.4667663574219,13.658203125,-10.13676643371582,3.987750291824341,-16.334381103515625,-3.2872722148895264,-16.59564971923828,-9.260554313659668,-9.553159713745117,-3.8162715435028076,-10.53119945526123,-1.8013484477996826,-6.405682563781738
03-01-05-01-01-01-04.wav,1,2.0,3.70375,140.6707680416173,2188.9569010684886,0.03712725639343262,1.70375,-424.6220703125,49.55451965332031,-8.8579683303833,3.074756145477295,-10.599187850952148,-4.618495464324951,-14.89064884185791,-10.440834999084473,-4.755117893218994,-2.307276725769043,-11.058977127075195,-0.6118641495704651,-7.763554096221924
03-01-05-01-01-01-11.wav,0,0.0,2.0,180.87870460152857,2218.151550581432,0.076350137591362,2.0,-299.6778259277344,28.012727737426758,4.484274387359619,7.198110580444336,-4.601395606994629,2.5296895503997803,-2.617412805557251,-2.4591727256774902,-7.339141368865967,4.547694683074951,-0.8822067975997925,0.3548066318035126,-1.3893502950668335
03-01-05-01-01-01-11.wav,1,2.0,3.603625,121.83027247119455,1410.7495047807156,0.056207142770290375,1.603625,-395.08428955078125,73.99697875976562,9.264659881591797,14.295963287353516,2.598414659500122,3.908998489379883,2.2919397354125977,-4.521177768707275,-1.185792326927185,2.0117413997650146,-4.731218338012695,-0.515739381313324,0.15930777788162231
03-01-05-01-01-02-04.wav,0,0.0,2.0,319.3380958434885,1933.5023521446105,0.051175106316804886,2.0,-382.3902893066406,12.302967071533203,-13.503360748291016,2.1148440837860107,-20.469453811645508,1.377089023590088,-18.812149047851562,-9.02299976348877,-8.869918823242188,-0.8518781661987305,-9.30241584777832,-0.20419079065322876,2.0332674980163574
03-01-05-01-01-02-04.wav,1,2.0,3.603625,141.3166854300788,2273.988665693338,0.04879850149154663,1.603625,-398.6744384765625,37.48045349121094,-11.127248764038086,-0.27399736642837524,-13.130827903747559,-4.57865571975708,-10.144596099853516,-9.783415794372559,-1.5363057851791382,-3.756859302520752,-7.374958515167236,-3.1538546085357666,-4.287727355957031
03-01-05-01-01-02-11.wav,0,0.0,2.0,139.43534721716665,2340.0970061641447,0.08190084993839264,2.0,-292.16796875,37.101837158203125,8.093192100524902,10.13796615600586,-1.312697410583496,1.8354414701461792,-2.209028720855713,-2.4594171047210693,-7.57356071472168,7.635856628417969,-1.515189290046692,3.1189332008361816,-3.896780014038086
03-01-05-01-01-02-11.wav,1,2.0,3.4701875,99.10070321905549,1672.84128409282,0.030190328136086464,1.4701875,-456.67535400390625,81.08716583251953,28.425474166870117,12.471488952636719,8.632009506225586,8.917922019958496,2.7836718559265137,-4.362534523010254,-0.9674966931343079,1.8910797834396362,-4.446438312530518,1.4319547414779663,0.8634172677993774
03-01-05-01-02-01-04.wav,0,0.0,2.0,322.12798399122704,1978.153645842665,0.088046133518219,2.0,-322.9593811035156,12.28531551361084,-16.331558227539062,-0.7185400724411011,-23.749677658081055,-7.01417875289917,-25.611223220825195,-12.543758392333984,-12.913448333740234,-4.764581680297852,-14.101927757263184,-8.47906494140625,-8.063068389892578
03-01-05-01-02-01-04.wav,1,2.0,3.470125,140.6489288485144,2247.87043104742,0.05251740291714668,1.470125,-420.37359619140625,43.23752212524414,-8.941458702087402,1.7555745840072632,-7.022336959838867,-2.9415087699890137,-8.6713228225708,-11.415824890136719,-2.9830117225646973,-2.017019271850586,-6.458825588226318,-2.5225493907928467,-4.903705596923828
03-01-05-01-02-01-11.wav,0,0.0,2.0,136.23639628018068,2200.4242672708056,0.0865732952952385,2.0,-319.03399658203125,28.469045639038086,0.5335016250610352,2.3448984622955322,-5.960607051849365,0.9758838415145874,-6.418370723724365,-5.1383795738220215,-12.517765045166016,5.587411880493164,-5.40684700012207,-0.5886973738670349,-4.576890468597412
03-01-05-01-02-01-11.wav,1,2.0,3.470125,101.123176359148,1521.69720455207,0.03973411023616791,1.470125,-441.7464904785156,72.09577941894531,13.536334037780762,11.769730567932129,3.4424362182617188,7.80856466293335,-0.3845994770526886,-4.585522651672363,-2.439993381500244,-1.203991174697876,-2.4548118114471436,0.7396267652511597,2.282087564468384
03-01-05-01-02-02-04.wav,0,0.0,2.0,287.5713816405087,3150.1292443653692,0.07285816222429276,2.0,-332.51171875,8.685052871704102,-6.571447372436523,0.7250041365623474,-17.237253189086914,-5.999104976654053,-19.43523406982422,-9.928736686706543,-6.586658477783203,-2.583523988723755,-9.528058052062988,-3.8674488067626953,-5.835935592651367
03-01-05-01-02-02-04.wav,1,2.0,3.7370625,140.9459641922201,2162.91783122333,0.08104632794857025,1.7370625,-349.3989562988281,53.000732421875,-17.67957878112793,1.0775376558303833,-14.345553398132324,-3.311594009399414,-16.50115966796875,-12.384832382202148,-5.354934215545654,-2.3770751953125,-10.772753715515137,-1.4763072729110718,-4.6505045890808105
03-01-05-01-02-02-11.wav,0,0.0,2.0,127.7995299736333,2419.012365419899,0.07290171086788177,2.0,-326.7621154785156,23.003236770629883,7.360030651092529,4.116421699523926,-4.288506507873535,2.666226863861084,-6.578274726867676,-2.569841146469116,-11.162626266479492,5.61484956741333,-6.254976749420166,1.9166003465652466,-2.735081672668457
03-01-05-01-02-02-11.wav,1,2.0,3.737125,125.71222768189517,1534.155332946571,0.04033771902322769,1.737125,-415.59375,75.57086944580078,9.410017967224121,8.86000919342041,1.3436968326568604,4.501826286315918,-5.308351993560791,-5.5684123039245605,-6.956740379333496,1.0499290227890015,-4.592956066131592,-1.9087128639221191,-2.7445759773254395
03-01-05-02-01-01-04.wav,0,0.0,2.0,302.8992540636044,2326.3746043376022,0.04004644230008125,2.0,-383.1864013671875,-0.9175071120262146,-13.277976989746094,3.486726760864258,-19.529203414916992,4.297869682312012,-20.041839599609375,-6.566892147064209,-9.033699989318848,-2.242572069168091,-3.4614758491516113,7.507369041442871,9.703285217285156
03-01-05-02-01-01-04.wav,1,2.0,3.7704375,180.60333708928928,2264.005935422716,0.05249333381652832,1.7704375,-388.3847351074219,25.972639083862305,-23.055986404418945,-6.690561771392822,-17.94710922241211,1.1932315826416016,-14.863532066345215,-7.0672993659973145,-7.099475860595703,-2.358464479446411,-10.094216346740723,-5.803025245666504,-1.3728777170181274
03-01-05-02-01-01-11.wav,0,0.0,2.0,229.58278379469127,2465.8529648553813,0.05906923860311508,2.0,-330.449951171875,20.861743927001953,-2.8199570178985596,6.211389541625977,-10.564045906066895,-2.231304168701172,-2.6834802627563477,-2.2420594692230225,-11.225852012634277,2.107940912246704,-2.1024296283721924,-1.8630801439285278,-4.926120758056641
03-01-05-02-01-01-11.wav,1,2.0,3.536875,123.70157697402132,1453.663836623404,0.03744297847151756,1.536875,-414.5981750488281,50.59490203857422,5.247931480407715,3.697274684906006,-3.1438710689544678,0.8449963927268982,0.3301088809967041,-1.5290824174880981,-6.983205795288086,2.030332088470459,-4.0961408615112305,1.0052086114883423,-0.506290078163147
03-01-05-02-01-02-04.wav,0,0.0,2.0,318.6078712290376,2030.9909694060686,0.05086717754602432,2.0,-364.7076721191406,0.44567975401878357,-17.13477325439453,0.5685601234436035,-21.466970443725586,2.3671605587005615,-21.57683753967285,-6.852382183074951,-8.350382804870605,-2.179473400115967,-2.9946610927581787,9.4613618850708,9.08614730834961
03-01-05-02-01-02-04.wav,1,2.0,3.8705625,198.41613164718532,2351.2948182863083,0.04445463418960571,1.8705625,-390.45758056640625,26.89476776123047,-15.741376876831055,-5.192067623138428,-17.488508224487305,-1.780648946762085,-15.537479400634766,-9.132845878601074,-3.6197757720947266,-2.366626739501953,-6.415895462036133,-4.74663782119751,-3.7940948009490967
03-01-05-02-01-02-11.wav,0,0.0,2.0,236.83726545796125,2449.1879385886086,0.08786851167678833,2.0,-309.53912353515625,13.353867530822754,-8.232752799987793,1.0974446535110474,-13.024919509887695,-3.031804323196411,-3.9564971923828125,-2.2695415019989014,-8.419303894042969,0.9139037728309631,-2.612409830093384,0.7668357491493225,-3.4187755584716797
03-01-05-02-01-02-11.wav,1,2.0,3.970625,226.81902612514872,1667.0077912973131,0.07460115849971771,1.970625,-344.6249694824219,41.54207229614258,-1.2142657041549683,-1.2879611253738403,-11.78940200805664,-0.6842732429504395,-4.871687412261963,-6.89944314956665,-17.25240707397461,2.0109622478485107,-6.183462142944336,-1.9726698398590088,-1.2383675575256348
03-01-05-02-02-01-04.wav,0,0.0,2.0,291.16477674190975,2962.203440250344,0.034694306552410126,2.0,-397.97161865234375,-3.1336917877197266,-15.747743606567383,3.7568411827087402,-23.86280059814453,-5.644118785858154,-29.07207489013672,-6.927679061889648,-6.964547157287598,-2.6422290802001953,-10.649101257324219,-0.0823802649974823,-5.837791919708252
03-01-05-02-02-01-04.wav,1,2.0,3.7036875,204.0190232810834,2589.6166563587835,0.04149215668439865,1.7036875,-416.8114929199219,20.805994033813477,-22.615671157836914,-1.5385910272598267,-18.4955997467041,-0.44827958941459656,-13.550721168518066,-8.32087230682373,-3.98392915725708,-1.0329828262329102,-9.559337615966797,-4.418592929840088,-3.162343740463257
03-01-05-02-02-01-11.wav,0,0.0,2.0,287.69452717330677,2338.4321815643543,0.07415662705898285,2.0,-306.8961181640625,21.226953506469727,-2.57617449760437,5.584602355957031,-15.602991104125977,-1.2539325952529907,-1.4438828229904175,-4.438048839569092,-9.878153800964355,0.6169691681861877,-5.388490676879883,-0.4694405198097229,-5.42858362197876
03-01-05-02-02-01-11.wav,1,2.0,3.9373125,250.3899600540738,1242.8087391150812,0.05953017994761467,1.9373125,-355.3957824707031,54.814186096191406,0.7931679487228394,7.368144512176514,-11.417122840881348,-1.500274896621704,-0.24349431693553925,-2.2252132892608643,-11.996467590332031,3.761370897293091,-4.316097736358643,1.2864288091659546,-0.41525742411613464
03-01-05-02-02-02-04.wav,0,0.0,2.0,301.2865438146614,3176.4344044213194,0.041721004992723465,2.0,-403.1885070800781,-7.394679546356201,-17.21027946472168,-9.894639015197754,-24.362117767333984,-5.634559631347656,-27.038774490356445,-11.798036575317383,-14.16134262084961,-4.227100849151611,-4.1533308029174805,7.861622333526611,3.095031499862671
03-01-05-02-02-02-04.wav,1,2.0,3.8371875,224.2862561119802,2459.6864720814633,0.04985956847667694,1.8371875,-411.743408203125,25.02092742919922,-24.56584358215332,-8.544779777526855,-21.463966369628906,1.2212529182434082,-17.392637252807617,-4.524984359741211,-6.64066743850708,-1.428339958190918,-10.844377517700195,-7.634349346160889,-6.723967552185059
03-01-05-02-02-02-11.wav,0,0.0,2.0,297.020985870716,2552.342975780412,0.07447861135005951,2.0,-318.8964538574219,6.743276119232178,-11.251167297363281,-2.1471073627471924,-15.906993865966797,-0.8692690134048462,-7.563671588897705,-5.9184465408325195,-13.815118789672852,1.5829240083694458,-5.8600592613220215,-2.6688241958618164,-5.364259719848633
03-01-05-02-02-02-11.wav,1,2.0,3.7704375,250.05904063917245,1785.3202456362649,0.05635599419474602,1.7704375,-366.94232177734375,36.531673431396484,-4.605257511138916,-2.1875274181365967,-14.54489803314209,0.9258597493171692,-2.263331890106201,-1.550330400466919,-12.757298469543457,2.327756404876709,-6.651440143585205,-2.6801393032073975,-1.783522605895996
03-01-06-01-01-01-04.wav,0,0.0,2.0,306.78217826474395,2016.2630892562936,0.08066418021917343,2.0,-309.80224609375,13.261346817016602,-10.423105239868164,3.343951463699341,-17.55144691467285,-3.2585079669952393,-21.34317398071289,-17.0620059967041,-7.760460376739502,-5.643137454986572,-12.84768295288086,-2.867659091949463,-1.4729089736938477
03-01-06-01-01-01-04.wav,1,2.0,3.3033125,203.6500814618615,2438.468242328277,0.03693363443017006,1.3033125,-445.06787109375,42.03498840332031,-22.193220138549805,-1.6142206192016602,-4.861809253692627,-1.009694218635559,-13.102607727050781,-10.938583374023438,-0.6470962166786194,-3.872626304626465,-5.7693328857421875,-1.8632732629776,-1.559570550918579
03-01-06-01-01-01-11.wav,0,0.0,2.0,152.67478419434116,2269.4420293067337,0.0871507003903389,2.0,-295.2144470214844,42.80385208129883,12.814994812011719,16.02806854248047,3.595675468444824,5.514930248260498,1.668544888496399,2.499724864959717,-6.553030490875244,9.167662620544434,0.4218757748603821,3.2597780227661133,-1.9567856788635254
03-01-06-01-01-01-11.wav,1,2.0,3.470125,123.99067699369358,1559.0400572752471,0.057890232652425766,1.470125,-374.5049133300781,75.06321716308594,20.44590187072754,12.332348823547363,7.721335411071777,10.380717277526855,2.3276548385620117,-4.857304573059082,2.3742125034332275,6.70945405960083,-0.8173170685768127,1.321578860282898,-2.2447879314422607
03-01-06-01-01-02-04.wav,0,0.0,2.0,333.03279348576103,2541.367804118421,0.08959632366895676,2.0,-300.6609802246094,12.070099830627441,-14.416753768920898,9.2869234085083,-20.7595272064209,-2.419527053833008,-17.673749923706055,-13.394733428955078,-9.178630828857422,-6.96176815032959,-11.291629791259766,-2.922175645828247,-2.3270926475524902
03-01-06-01-01-02-04.wav,1,2.0,3.236625,204.17747648619212,2512.912342177141,0.04125910997390747,1.236625,-439.76763916015625,39.95492935180664,-25.313180923461914,-0.6439070701599121,-6.389616966247559,-4.330966472625732,-11.91030216217041,-8.866453170776367,0.007274980656802654,-5.900266170501709,-8.312395095825195,-3.58341383934021,-4.426645755767822
03-01-06-01-01-02-11.wav,0,0.0,2.0,133.4296521114663,2196.2941966982376,0.07380365580320358,2.0,-326.3988952636719,40.624332427978516,15.226056098937988,13.342649459838867,3.0435869693756104,4.124807834625244,2.770411252975464,1.6154816150665283,-7.734796524047852,5.7728986740112305,0.8560507893562317,1.42386794090271,-1.319604516029358
03-01-06-01-01-02-11.wav,1,2.0,3.5035,124.98561329562305,1631.6392101663093,0.05571300536394119,1.5035,-383.1345520019531,78.53659057617188,13.42722225189209,7.044027328491211,1.3191070556640625,10.01479721069336,2.205416202545166,-6.426492214202881,-3.3612446784973145,1.7525101900100708,-2.5924646854400635,0.33792752027511597,-3.893073797225952
03-01-06-01-02-01-04.wav,0,0.0,2.0,325.41281223706,1891.8258304686021,0.07943794876337051,2.0,-325.47711181640625,13.552258491516113,-15.443033218383789,6.073848247528076,-16.837053298950195,-6.023374557495117,-23.48003578186035,-14.08348560333252,-7.916420936584473,-8.133931159973145,-12.453349113464355,-6.465914249420166,-3.051323413848877
03-01-06-01-02-01-04.wav,1,2.0,3.470125,208.7680186220876,2260.0102035920827,0.05648466944694519,1.470125,-413.524658203125,37.8563117980957,-16.975709915161133,1.0510835647583008,-5.426395893096924,-4.561521530151367,-10.462301254272461,-10.089357376098633,0.332927942276001,-4.871004104614258,-4.580060005187988,-3.849310874938965,-2.0543596744537354
03-01-06-01-02-01-11.wav,0,0.0,2.0,177.9418183576899,2223.6547254364878,0.09665529429912567,2.0,-303.69549560546875,46.28656768798828,6.421526908874512,13.190156936645508,1.5045112371444702,4.038480281829834,-14.586697578430176,-10.73043155670166,-10.25666332244873,3.0958471298217773,-5.675781726837158,-3.0657520294189453,-6.114075660705566
03-01-06-01-02-01-11.wav,1,2.0,3.169875,105.3601863108782,1612.5107572779734,0.03668121621012688,1.169875,-449.865234375,73.01142883300781,15.078768730163574,11.459774017333984,6.460553169250488,8.55411148071289,2.761017322540283,-4.0404815673828125,2.4078164100646973,0.30491843819618225,1.476739764213562,4.553004741668701,2.755526065826416
03-01-06-01-02-02-04.wav,0,0.0,2.0,337.4352148623985,1820.277394867826,0.08409572392702103,2.0,-317.4143981933594,14.415360450744629,-10.370922088623047,2.424628257751465,-14.282709121704102,-5.577842712402344,-17.37600326538086,-14.2545804977417,-10.23987102508545,-7.257964134216309,-12.362595558166504,-6.33252477645874,-3.326204538345337
03-01-06-01-02-02-04.wav,1,2.0,3.470125,172.27663877784224,2413.278080520095,0.054350629448890686,1.470125,-404.2124328613281,36.732749938964844,-17.789060592651367,-1.5924781560897827,-8.074488639831543,-2.649597644805908,-11.567508697509766,-15.128379821777344,-0.9342721104621887,-4.738570690155029,-7.724216461181641,-2.189412832260132,-1.2629461288452148
03-01-06-01-02-02-11.wav,0,0.0,2.0,142.51989189641756,2057.2481747778843,0.08356029540300369,2.0,-319.1393737792969,49.88963317871094,7.732165336608887,12.354706764221191,0.7755268216133118,5.189607620239258,-10.348817825317383,-5.484432697296143,-8.606098175048828,3.0736918449401855,-2.6143789291381836,-2.862011194229126,-2.9539337158203125
03-01-06-01-02-02-11.wav,1,2.0,3.20325,112.78374047077754,1688.9067712662747,0.03229539468884468,1.20325,-460.5317687988281,69.71916961669922,14.171246528625488,10.975422859191895,6.0746259689331055,5.537847995758057,3.9471306800842285,-2.858426332473755,2.303842306137085,1.0745056867599487,-1.539931058883667,2.6757943630218506,3.8588597774505615
03-01-06-02-01-01-04.wav,0,0.0,2.0,293.1938443617395,2254.1339774332496,0.08014912158250809,2.0,-285.98052978515625,-5.709850311279297,-13.644229888916016,7.070859432220459,-14.9621000289917,-0.7343652844429016,-20.352176666259766,-10.710731506347656,-6.331356525421143,3.034193277359009,4.7943902015686035,22.39273452758789,19.679418563842773
03-01-06-02-01-01-04.wav,1,2.0,3.9373125,209.0326272250231,2607.5436648628115,0.06811373680830002,1.9373125,-324.22344970703125,13.741759300231934,-22.34154510498047,-1.8338146209716797,-4.392963409423828,0.7936248183250427,-19.75562858581543,-9.661606788635254,4.5439581871032715,-2.7274656295776367,-10.480875015258789,11.315162658691406,17.04572868347168
03-01-06-02-01-01-11.wav,0,0.0,2.0,216.37647217076932,2122.7726675447075,0.08231304585933685,2.0,-307.22576904296875,30.639305114746094,-7.242466449737549,12.086467742919922,-5.102632522583008,-1.1031299829483032,-7.8221540451049805,-10.801338195800781,-11.03674030303955,0.8652855157852173,-2.4020071029663086,-3.857846260070801,-6.641984462738037
03-01-06-02-01-01-11.wav,1,2.0,3.20325,167.53341427663963,1832.544655603711,0.05202523246407509,1.20325,-413.797607421875,52.6944694519043,-3.7502200603485107,-1.604874610900879,-6.414364337921143,-1.8863261938095093,0.31189337372779846,-8.900352478027344,-7.326277732849121,5.272609710693359,-1.2707712650299072,3.2444794178009033,-4.105482578277588
03-01-06-02-01-02-04.wav,0,0.0,2.0,312.2471584868254,2441.8894063997814,0.0620209276676178,2.0,-341.409423828125,1.9239040613174438,-17.378097534179688,5.209112167358398,-17.669889450073242,1.0934182405471802,-18.227344512939453,-12.355354309082031,-9.095817565917969,-5.209580421447754,1.7240389585494995,16.815536499023438,20.8653621673584
03-01-06-02-01-02-04.wav,1,2.0,3.4034375,163.67259956378425,2394.9235512239084,0.055552270263433456,1.4034375,-399.6239318847656,25.906641006469727,-20.45304298400879,-13.459087371826172,-8.5833740234375,-5.519660949707031,-9.100050926208496,-12.568615913391113,-7.218804836273193,-3.490159511566162,-7.258735179901123,1.9634075164794922,6.968835353851318
03-01-06-02-01-02-11.wav,0,0.0,2.0,216.62614336751494,2327.632974977604,0.08362298458814621,2.0,-304.91168212890625,26.122426986694336,-5.754750728607178,9.850165367126465,-1.9395387172698975,-0.3074832558631897,-7.140223503112793,-5.519281387329102,-7.430243492126465,0.7371425032615662,-5.512473106384277,-3.8704116344451904,-1.6053990125656128
03-01-06-02-01-02-11.wav,1,2.0,3.20325,165.54952631741145,1727.946971425224,0.04747815430164337,1.20325,-406.3780517578125,49.35755157470703,-5.799562454223633,1.283958911895752,-4.361151218414307,-2.2428512573242188,4.816504955291748,-8.527152061462402,-4.3569464683532715,5.754046440124512,-4.1706647872924805,-0.5262102484703064,-4.996908187866211
03-01-06-02-02-01-04.wav,0,0.0,2.0,319.51355010238393,1953.3970488312477,0.0747455582022667,2.0,-324.37451171875,-0.2626131474971771,-22.50490951538086,-4.379366397857666,-25.402385711669922,-6.096787929534912,-25.707822799682617,-10.013043403625488,-11.85422420501709,-10.603432655334473,-8.076491355895996,6.72917366027832,13.89796257019043
03-01-06-02-02-01-04.wav,1,2.0,3.603625,194.6025705188124,2282.8551578436404,0.0600157305598259,1.603625,-388.12548828125,28.486791610717773,-14.456225395202637,-12.934503555297852,-8.096693992614746,-6.368546962738037,-11.260902404785156,-10.816306114196777,-7.463244438171387,-3.3537495136260986,-9.718453407287598,3.400089979171753,2.771303176879883
03-01-06-02-02-01-11.wav,0,0.0,2.0,248.38346361943226,2324.056008608115,0.0740819126367569,2.0,-318.190673828125,18.860397338867188,-10.594371795654297,5.347851753234863,-12.767224311828613,-3.625286817550659,-10.228910446166992,-12.467012405395508,-11.604262351989746,-2.239495038986206,-4.440187454223633,-5.601541996002197,-5.1523613929748535
03-01-06-02-02-01-11.wav,1,2.0,3.06975,216.90053129499745,1619.890163291222,0.017585743218660355,1.06975,-463.88134765625,67.7839126586914,-12.240486145019531,5.457740306854248,4.932949066162109,4.87262487411499,-5.429851531982422,-9.323894500732422,-5.566490650177002,10.54136848449707,-3.6156632900238037,0.7354975342750549,-6.111631393432617
03-01-06-02-02-02-04.wav,0,0.0,2.0,282.0166258310902,3075.9790325809254,0.06818339228630066,2.0,-357.7315368652344,3.327270030975342,-24.45810317993164,-7.781130313873291,-23.44863510131836,-7.349776268005371,-21.431968688964844,-11.069540977478027,-11.223608016967773,-7.52615213394165,-7.881936550140381,9.276908874511719,14.90772533416748
03-01-06-02-02-02-04.wav,1,2.0,3.57025,206.81369970337204,2158.9501154633454,0.053642015904188156,1.57025,-409.5507507324219,23.161264419555664,-15.896666526794434,-5.509647846221924,-5.498566150665283,-6.234498977661133,-10.178742408752441,-7.251359462738037,-1.788515567779541,-1.6318784952163696,-5.750824451446533,-0.29957813024520874,-2.0047719478607178
03-01-06-02-02-02-11.wav,0,0.0,2.0,207.77430422896504,2654.867717384266,0.08155544102191925,2.0,-300.23876953125,14.723053932189941,-6.979039192199707,-1.541084885597229,-9.480707168579102,-2.5862908363342285,-9.726521492004395,-6.666759490966797,-13.735881805419922,0.006889668758958578,-5.781299591064453,-3.6234848499298096,-5.744877815246582
03-01-06-02-02-02-11.wav,1,2.0,3.1365,239.6823953378193,1553.997325718513,0.03971640765666962,1.1365,-413.16595458984375,65.71157836914062,-10.3418607711792,-1.1566612720489502,-0.6463285088539124,5.780195713043213,-4.390703201293945,-12.503409385681152,-3.101219892501831,5.950231552124023,-0.8447856903076172,0.4998561441898346,-3.273749351501465
03-01-07-01-01-01-04.wav,0,0.0,2.0,313.70171504292693,1788.0838756144708,0.05670942738652229,2.0,-345.7050476074219,8.925172805786133,-4.629213809967041,3.681886911392212,-5.493284225463867,-3.875479221343994,-8.285903930664062,-5.594346523284912,-7.03719425201416,0.7008481025695801,-8.700522422790527,1.8301491737365723,-2.0376498699188232
03-01-07-01-01-01-04.wav,1,2.0,3.9039375,157.76636570548212,1862.05413647909,0.07422689348459244,1.9039375,-355.2874755859375,75.81635284423828,-9.920315742492676,1.0437160730361938,-10.42973804473877,-0.74956876039505,-9.926289558410645,-16.129533767700195,-7.224276065826416,-2.3049588203430176,-12.4436674118042,-2.360395669937134,-4.58487606048584
03-01-07-01-01-01-11.wav,0,0.0,2.0,142.85619177189147,2413.7188934504284,0.06954529136419296,2.0,-334.25335693359375,28.527673721313477,12.223357200622559,16.648088455200195,0.5512009263038635,4.697068214416504,-1.9246525764465332,0.6025041341781616,-7.028212070465088,5.691813945770264,-1.7778891324996948,2.402184247970581,-2.311136484146118
03-01-07-01-01-01-11.wav,1,2.0,3.670375,110.84510146928326,1553.46375470902,0.05262935534119606,1.670375,-392.12847900390625,86.22246551513672,19.31668472290039,16.160797119140625,0.62662672996521,10.125365257263184,0.46197330951690674,-7.686026573181152,-3.754988670349121,9.30398941040039,-4.352052688598633,-4.383857727050781,1.6412123441696167
03-01-07-01-01-02-04.wav,0,0.0,2.0,278.14001375674246,2125.6828916874383,0.0807012990117073,2.0,-312.5983581542969,20.821691513061523,-9.083954811096191,6.284525394439697,-14.118943214416504,-7.513768196105957,-16.364669799804688,-9.217775344848633,-6.863193035125732,-3.347733974456787,-10.304388046264648,-1.2163314819335938,-2.012247323989868
03-01-07-01-01-02-04.wav,1,2.0,3.9039375,165.56495291026832,2095.5756803555832,0.07111901789903641,1.9039375,-353.8242492675781,58.06777572631836,-7.021966934204102,-1.3575012683868408,-6.187948226928711,-10.62136459350586,-16.638322830200195,-13.546971321105957,-1.7329310178756714,-5.440281391143799,-10.387444496154785,-0.677355170249939,-6.351956367492676
03-01-07-01-01-02-11.wav,0,0.0,2.0,179.25507103247676,2360.751488069649,0.07520055770874023,2.0,-325.7285461425781,33.09927749633789,6.079253196716309,18.412254333496094,-0.15826274454593658,2.8435070514678955,-1.1581206321716309,-0.6721655130386353,-6.28264856338501,7.004185676574707,-1.9110455513000488,1.5989936590194702,-3.1627590656280518
03-01-07-01-01-02-11.wav,1,2.0,3.603625,145.8326114381732,1539.756759436671,0.045807015150785446,1.603625,-410.5924377441406,78.30447387695312,16.110057830810547,16.22471046447754,-1.5866400003433228,10.892930030822754,-0.7843810319900513,-8.486939430236816,-2.289764165878296,1.3462156057357788,-4.609572887420654,-1.0069870948791504,-0.12306982278823853
03-01-07-01-02-01-04.wav,0,0.0,2.0,295.83957160376076,2743.1263127420325,0.06984855979681015,2.0,-359.461669921875,14.7476224899292,-6.454494953155518,-0.8156270980834961,-9.179076194763184,-7.63378381729126,-14.682360649108887,-9.06096076965332,-8.120123863220215,-2.7252655029296875,-6.649759292602539,-2.451965808868408,-7.310558795928955
03-01-07-01-02-01-04.wav,1,2.0,3.7704375,187.02912887251256,2161.3603359833496,0.06444688141345978,1.7704375,-388.9900817871094,48.61040496826172,-21.850399017333984,1.605230689048767,-11.032414436340332,-7.09192419052124,-16.313644409179688,-13.12462043762207,-2.008820056915283,-7.3801116943359375,-10.991021156311035,-1.9516315460205078,-4.203358173370361
03-01-07-01-02-01-11.wav,0,0.0,2.0,147.39151389748133,2408.627073372708,0.0735476091504097,2.0,-338.0740966796875,41.949459075927734,13.105673789978027,6.527790069580078,-1.8737549781799316,4.155055999755859,-4.335562705993652,2.8110511302948,-7.078166484832764,6.436975479125977,-3.3857576847076416,0.38682737946510315,-2.012866735458374
03-01-07-01-02-01-11.wav,1,2.0,3.470125,99.70904971958564,1561.2362313730512,0.03305754065513611,1.470125,-446.98394775390625,87.64935302734375,20.130346298217773,12.001776695251465,5.055832386016846,9.490494728088379,1.3745687007904053,-3.693845272064209,-2.0977680683135986,5.583228588104248,-4.321413993835449,-1.7328729629516602,2.4900670051574707
03-01-07-01-02-02-04.wav,0,0.0,2.0,227.4220447099981,2764.4206694754475,0.0497601293027401,2.0,-387.8316345214844,16.06930923461914,-7.248125076293945,12.483139038085938,-6.473812103271484,-4.815539360046387,-13.102639198303223,-6.1870503425598145,-4.199073314666748,-0.08585584908723831,-2.768948554992676,1.7357232570648193,-3.474271535873413
03-01-07-01-02-02-04.wav,1,2.0,3.8038125,166.5109651612911,2133.1885638863014,0.06347320973873138,1.8038125,-397.43743896484375,39.538761138916016,-13.873971939086914,1.5888334512710571,-7.231462478637695,-6.80908727645874,-10.046553611755371,-4.772775173187256,1.5143826007843018,-7.600419044494629,-8.175728797912598,0.8360610604286194,-1.2492905855178833
03-01-07-01-02-02-11.wav,0,0.0,2.0,150.64967641565022,2380.65932526893,0.0720701590180397,2.0,-342.5452880859375,46.267822265625,22.186738967895508,6.926543235778809,-6.223309516906738,2.002708673477173,-4.389280319213867,-0.24482636153697968,-10.18549919128418,4.367856502532959,-7.671464443206787,-2.4826772212982178,-5.33331298828125
03-01-07-01-02-02-11.wav,1,2.0,3.670375,118.72944295535,1655.936627049647,0.03870738297700882,1.670375,-426.3661804199219,91.30435943603516,15.818625450134277,11.745901107788086,0.6390100717544556,7.067781925201416,0.9563366174697876,-7.966103553771973,-5.972777843475342,3.0237631797790527,-3.7563977241516113,-1.2918611764907837,-1.411568284034729
03-01-07-02-01-01-04.wav,0,0.0,2.0,334.32920146120233,2199.792122331502,0.05545669049024582,2.0,-358.0952453613281,4.769309043884277,-7.08318567276001,7.6854352951049805,-9.327964782714844,-1.420122504234314,-12.494488716125488,-6.113469123840332,-7.7448906898498535,1.0211946964263916,-7.0751142501831055,0.3641333281993866,-4.055054664611816
03-01-07-02-01-01-04.wav,1,2.0,4.0,188.1520826086529,2112.8792066433452,0.07516069710254669,2.0,-359.9874572753906,36.499568939208984,-10.73851203918457,-1.154361605644226,-12.561651229858398,-3.3726389408111572,-14.562493324279785,-12.69137954711914,-4.740489959716797,-6.11183500289917,-8.321897506713867,-3.3370795249938965,-2.9719839096069336
03-01-07-02-01-01-04.wav,2,4.0,4.004,400.0,3054.5468926200383,8.578735105402302e-06,0.004,-883.3241577148438,36.206092834472656,2.927947998046875,23.680801391601562,15.355688095092773,-6.211264133453369,-7.312870025634766,-16.82854461669922,-10.753623008728027,9.138456344604492,7.720074653625488,2.5639572143554688,-8.733549118041992
03-01-07-02-01-01-11.wav,0,0.0,2.0,160.41959975908802,2499.366914450544,0.07182429730892181,2.0,-319.43524169921875,25.152095794677734,12.429325103759766,13.404263496398926,0.2898772656917572,3.3920395374298096,-1.022460699081421,-3.305320978164673,-5.631554126739502,9.902243614196777,-1.4005733728408813,3.9732160568237305,-0.9615638256072998
03-01-07-02-01-01-11.wav,1,2.0,3.8038125,179.95081425070435,1436.6659594502296,0.049009423702955246,1.8038125,-377.60693359375,78.90148162841797,10.651004791259766,18.42891502380371,-0.788801908493042,9.935188293457031,-2.3813135623931885,-5.995907306671143,-4.889713287353516,6.837211608886719,-4.134640693664551,-2.528414249420166,0.71917325258255
03-01-07-02-01-02-04.wav,0,0.0,2.0,286.944613046104,2339.2900468814005,0.034548331052064896,2.0,-396.72821044921875,11.941397666931152,-9.322027206420898,3.3464460372924805,-10.746517181396484,-1.8658294677734375,-13.149420738220215,-11.043389320373535,-9.382475852966309,1.1047439575195312,-8.095297813415527,-1.6922552585601807,0.34706684947013855
03-01-07-02-01-02-04.wav,1,2.0,4.0,198.97056288506138,2281.4847025433824,0.0870153084397316,2.0,-350.48828125,32.81420135498047,-11.015276908874512,-3.7487220764160156,-11.34693431854248,-6.121781826019287,-10.465276718139648,-11.841336250305176,-5.7660441398620605,-4.703052043914795,-7.411703586578369,-2.9167943000793457,-7.3725762367248535
03-01-07-02-01-02-04.wav,2,4.0,4.037375,225.0,3069.0586261759736,3.515080607030541e-05,0.037375,-756.1676635742188,37.821197509765625,3.909214496612549,8.59792423248291,2.040383815765381,-0.5880686044692993,-5.664913654327393,3.726027488708496,-1.4813634157180786,-1.6063334941864014,-5.144487380981445,2.1740007400512695,0.38880887627601624
03-01-07-02-01-02-11.wav,0,0.0,2.0,141.4961997916545,2391.425900946831,0.09233174473047256,2.0,-285.4321594238281,31.700716018676758,13.363629341125488,10.778984069824219,2.0188567638397217,2.215636968612671,0.28604039549827576,-1.0156539678573608,-6.060900688171387,8.111956596374512,-4.661165714263916,2.78678035736084,-0.8366832137107849
03-01-07-02-01-02-11.wav,1,2.0,3.8038125,138.43667644136144,1433.3861565653397,0.14013469219207764,1.8038125,-270.9975891113281,77.77015686035156,12.5728178024292,24.50947380065918,0.3976019620895386,8.575764656066895,0.5355286002159119,-8.485663414001465,0.8774642944335938,5.859609603881836,-5.013097763061523,-3.2898380756378174,-0.6294165253639221
03-01-07-02-02-01-04.wav,0,0.0,2.0,282.7618745929363,2676.663673553774,0.06913299858570099,2.0,-358.7235107421875,3.5329501628875732,-9.1003999710083,-0.4325486421585083,-13.508228302001953,-9.524754524230957,-17.928897857666016,-12.558183670043945,-11.644725799560547,-3.734349250793457,-11.964974403381348,-2.7983205318450928,-5.8494133949279785
03-01-07-02-02-01-04.wav,1,2.0,3.8705625,213.89744465650242,2118.1993698606693,0.08532345294952393,1.8705625,-342.07421875,50.28699493408203,-21.357637405395508,-1.4254662990570068,-9.801515579223633,-8.17960262298584,-20.298402786254883,-22.561208724975586,-1.2991610765457153,-8.0504732131958,-16.041452407836914,0.49738481640815735,-3.4314403533935547
03-01-07-02-02-01-11.wav,0,0.0,2.0,135.45890244210747,2225.023152114631,0.10019166767597198,2.0,-307.1332702636719,45.204769134521484,22.918886184692383,2.157177686691284,-4.09177303314209,2.47171950340271,-3.0397143363952637,-6.2445807456970215,-11.82957935333252,7.59118127822876,-4.00540828704834,-0.375591516494751,-0.7072678208351135
03-01-07-02-02-01-11.wav,1,2.0,3.7370625,104.72517823335932,1546.8070704810068,0.06668157875537872,1.7370625,-363.57720947265625,85.52788543701172,6.908878803253174,11.489130973815918,-0.3763155937194824,9.033109664916992,-2.299283981323242,-7.364531993865967,-5.239547252655029,2.5838770866394043,-2.015160322189331,-3.738489866256714,0.13396775722503662
03-01-07-02-02-02-04.wav,0,0.0,2.0,322.1673872767562,1973.3167676885007,0.06615860015153885,2.0,-369.9344787597656,11.475577354431152,-4.6091485023498535,-2.347909927368164,-15.27956771850586,-6.255988121032715,-20.157426834106445,-13.305789947509766,-12.274813652038574,-6.994823932647705,-13.310661315917969,-2.0259933471679688,-10.679781913757324
03-01-07-02-02-02-04.wav,1,2.0,3.9373125,237.40529424616736,2301.0041340339103,0.06293591856956482,1.9373125,-371.55462646484375,42.72618865966797,-20.09590721130371,-10.317861557006836,-13.031425476074219,-12.705349922180176,-20.755186080932617,-18.14283561706543,-3.3179383277893066,-6.988387107849121,-13.327107429504395,-2.6493687629699707,-8.830869674682617
03-01-07-02-02-02-11.wav,0,0.0,2.0,140.32001442382008,2344.7764882584197,0.09590615332126617,2.0,-278.77337646484375,33.153770446777344,10.932390213012695,2.6835200786590576,-6.6745123863220215,1.133581280708313,-5.875377655029297,-3.851161241531372,-7.1721014976501465,3.8273983001708984,-4.185055732727051,-3.297926902770996,-2.419076681137085
03-01-07-02-02-02-11.wav,1,2.0,3.7370625,136.4488501278932,1524.9613091047306,0.043871376663446426,1.7370625,-398.50927734375,84.99547576904297,13.187294006347656,12.426745414733887,-0.05753038451075554,6.587801933288574,0.6113552451133728,-5.902890682220459,0.1550912857055664,3.1020028591156006,-4.531911849975586,-4.930241584777832,-1.776760220527649
03-01-08-01-01-01-04.wav,0,0.0,2.0,256.52002753250787,2474.3123708139437,0.09098857641220093,2.0,-310.8125305175781,30.896995544433594,-18.502592086791992,3.753711462020874,-20.244592666625977,-7.865196228027344,-21.5999755859375,-14.344779014587402,-12.210617065429688,-7.041738986968994,-12.969225883483887,-3.4095852375030518,-2.1011545658111572
03-01-08-01-01-01-04.wav,1,2.0,3.236625,142.03549501706343,2437.4516593120075,0.03771942853927612,1.236625,-457.6457214355469,42.63995361328125,-7.222878456115723,-0.10107184946537018,-4.49341344833374,-4.186634063720703,-6.280453205108643,-6.555435657501221,-0.26522213220596313,-2.8939738273620605,-9.332796096801758,-4.845641613006592,-7.760766506195068
03-01-08-01-01-01-11.wav,0,0.0,2.0,239.7903505601707,2093.4438604567567,0.08640586584806442,2.0,-323.29559326171875,41.51077651977539,5.524759769439697,6.658907413482666,-2.1045351028442383,1.8369603157043457,-6.520719051361084,-4.827006816864014,-7.815563201904297,5.552852153778076,-1.178594708442688,-1.9283888339996338,-0.9695978760719299
03-01-08-01-01-01-11.wav,1,2.0,3.06975,80.34753957734448,1752.3937229752814,0.0058084153570234776,1.06975,-547.6866455078125,75.72825622558594,26.685762405395508,16.99043083190918,15.829490661621094,14.57465648651123,8.32219123840332,4.678691864013672,7.091757774353027,9.179476737976074,-0.2822272777557373,5.481870174407959,5.1575236320495605
03-01-08-01-01-02-04.wav,0,0.0,2.0,306.08795945073115,2096.6429771589055,0.08579803258180618,2.0,-329.4913330078125,24.00587272644043,-17.08820152282715,5.160009860992432,-23.577667236328125,-4.516942501068115,-23.843400955200195,-14.114188194274902,-9.904322624206543,-9.400261878967285,-12.429073333740234,-4.4987616539001465,0.5132216215133667
03-01-08-01-01-02-04.wav,1,2.0,3.3366875,141.66441889381198,2330.4077829252888,0.05521271750330925,1.3366875,-433.8041687011719,43.128475189208984,-11.735908508300781,-1.16703200340271,-7.898702621459961,-6.359818935394287,-9.613377571105957,-9.69340705871582,-1.9234108924865723,-2.19419527053833,-11.29611873626709,-4.112993240356445,-8.13676643371582
03-01-08-01-01-02-11.wav,0,0.0,2.0,282.93954354858,2143.47303818252,0.0676179751753807,2.0,-346.5728759765625,38.00560760498047,0.45380210876464844,2.156839609146118,-3.0179758071899414,-2.4584155082702637,-10.662857055664062,-4.680314540863037,-10.812180519104004,0.712113618850708,-4.112285614013672,-3.8880133628845215,-2.2064802646636963
03-01-08-01-01-02-11.wav,1,2.0,3.1365,111.5583025989282,1752.5259754156025,0.014926635660231113,1.1365,-531.5885009765625,76.78509521484375,20.840152740478516,6.08271598815918,8.234146118164062,6.981453895568848,8.98116683959961,1.8801953792572021,3.08819842338562,3.356051206588745,0.3431189954280853,-0.4595314562320709,3.6251161098480225
03-01-08-01-02-01-04.wav,0,0.0,2.0,290.3029836812309,2093.1201532626037,0.08806238323450089,2.0,-323.4251708984375,15.686527252197266,-13.548895835876465,-4.732872009277344,-23.313554763793945,-10.061650276184082,-25.655485153198242,-15.07900619506836,-11.296182632446289,-9.760794639587402,-13.230636596679688,-3.9917023181915283,-2.284627676010132
03-01-08-01-02-01-04.wav,1,2.0,3.637,131.24938831693447,2057.461500957642,0.03734976053237915,1.637,-446.66973876953125,70.02312469482422,-6.4602155685424805,7.753377437591553,-6.6042585372924805,-4.649283409118652,-10.776281356811523,-6.9947309494018555,-1.8211899995803833,-6.499031066894531,-11.28720474243164,-3.7328147888183594,-4.423350811004639
03-01-08-01-02-01-11.wav,0,0.0,2.0,173.13667291021844,2070.6509672213306,0.0813944935798645,2.0,-322.0059509277344,36.08997344970703,2.2631406784057617,7.769818305969238,-1.2400180101394653,4.00009822845459,-4.686900615692139,-7.7083635330200195,-9.622976303100586,5.80183219909668,-3.5160460472106934,-1.8388134241104126,-5.328710556030273
03-01-08-01-02-01-11.wav,1,2.0,3.169875,147.16653164334815,1468.001491540294,0.022823991253972054,1.169875,-494.13739013671875,63.39122009277344,20.90901756286621,8.914956092834473,4.511730194091797,4.488795757293701,8.391698837280273,-1.4985896348953247,0.7449954152107239,0.4074539244174957,-0.6359730362892151,1.0144641399383545,3.0157687664031982
03-01-08-01-02-02-04.wav,0,0.0,2.0,284.0261167145382,1896.8805826781738,0.07600099593400955,2.0,-338.5450134277344,23.85748863220215,-20.99330711364746,-4.036044120788574,-24.61848258972168,-8.088560104370117,-28.891014099121094,-16.395793914794922,-9.982800483703613,-8.822924613952637,-15.280698776245117,-3.4844162464141846,-0.6002260446548462
03-01-08-01-02-02-04.wav,1,2.0,3.43675,134.80837749980967,2301.449992243505,0.043798211961984634,1.43675,-444.3231201171875,46.866085052490234,-11.597003936767578,-0.4340647757053375,-11.912421226501465,-3.918531656265259,-10.486879348754883,-11.364969253540039,-0.3440147936344147,-7.013936996459961,-12.557909965515137,-6.294259071350098,-4.45320463180542
03-01-08-01-02-02-11.wav,0,0.0,2.0,248.2825989998704,2212.5223273204774,0.09713932126760483,2.0,-269.5213928222656,48.44368362426758,-6.511382102966309,-0.7030473947525024,-4.540550231933594,-1.5327768325805664,-15.321633338928223,-18.83152961730957,-11.376692771911621,2.491663932800293,-6.839995861053467,-2.2637650966644287,-7.069101333618164
03-01-08-01-02-02-11.wav,1,2.0,2.969625,99.43125757763195,1816.4702149801285,0.0021653773728758097,0.969625,-579.3497924804688,73.63827514648438,16.107131958007812,18.65012550354004,11.909124374389648,14.176650047302246,7.396320819854736,-0.552416980266571,-0.6183729767799377,12.198795318603516,0.5836794376373291,2.536336660385132,1.229585886001587
03-01-08-02-01-01-04.wav,0,0.0,2.0,325.3446224185826,1725.9116114719677,0.057467687875032425,2.0,-351.398193359375,13.631999015808105,-19.420581817626953,2.427349328994751,-21.161088943481445,-0.9016553163528442,-19.07534408569336,-13.427007675170898,-7.055447101593018,-4.060153484344482,-7.301610946655273,5.794939041137695,2.6429171562194824
03-01-08-02-01-01-04.wav,1,2.0,3.670375,192.98369625272755,2269.8391005176595,0.056082721799612045,1.670375,-415.9051513671875,32.130943298339844,-24.568180084228516,-6.9300456047058105,-18.927825927734375,-6.243340492248535,-17.20754623413086,-11.31255054473877,1.5010075569152832,-6.49379301071167,-4.633881568908691,-0.43302980065345764,1.079548716545105
03-01-08-02-01-01-11.wav,0,0.0,2.0,243.66287359252036,2188.9835980239095,0.09627990424633026,2.0,-300.6611633300781,33.11962127685547,-1.6057499647140503,5.572286128997803,-5.606652736663818,-2.887505531311035,-9.708866119384766,-8.635379791259766,-10.28033447265625,0.43761733174324036,-3.41400146484375,-5.017430305480957,-4.497383117675781
03-01-08-02-01-01-11.wav,1,2.0,3.06975,69.4661759397575,1522.473202317346,0.0070076449774205685,1.06975,-565.2642822265625,81.98078155517578,21.857707977294922,15.207307815551758,9.250645637512207,10.726428985595703,9.589344024658203,5.985095024108887,8.153105735778809,9.571640968322754,3.970273971557617,2.091641902923584,3.4034924507141113
03-01-08-02-01-02-04.wav,0,0.0,2.0,322.3728617657793,2087.2725347413507,0.07361870259046555,2.0,-333.6669616699219,11.343953132629395,-16.803462982177734,0.3729467988014221,-22.15609359741211,-7.360009670257568,-26.35776710510254,-10.101801872253418,-1.0004398822784424,-0.8266094326972961,-1.9225088357925415,5.046638488769531,0.32877251505851746
03-01-08-02-01-02-04.wav,1,2.0,3.57025,177.29895579392604,2416.466435397728,0.07515338808298111,1.57025,-358.8617248535156,27.478925704956055,-20.71054458618164,-8.193100929260254,-12.891867637634277,-6.562589168548584,-15.139906883239746,-11.134721755981445,-3.5103538036346436,-5.0408735275268555,-7.340667724609375,-1.3712949752807617,-1.2326964139938354
03-01-08-02-01-02-11.wav,0,0.0,2.0,219.07852523671403,2367.9740100791614,0.08375223726034164,2.0,-273.0134582519531,26.857240676879883,-2.16780424118042,3.1224985122680664,-6.424581050872803,-1.773982286453247,-7.750455856323242,-7.901342391967773,-11.66847038269043,4.605861663818359,-7.012662887573242,-5.6356024742126465,-5.6429572105407715
03-01-08-02-01-02-11.wav,1,2.0,3.103125,117.10468225548783,1602.2323399813722,0.01852160133421421,1.103125,-507.36639404296875,58.37172317504883,16.52630615234375,5.823297500610352,6.569292068481445,4.704503059387207,9.012459754943848,0.5807802081108093,1.4731007814407349,2.3423776626586914,0.0651915967464447,1.229411005973816,-0.47389939427375793
03-01-08-02-02-01-04.wav,0,0.0,2.0,314.62076759451014,1861.9825502186713,0.09593053162097931,2.0,-303.8385925292969,16.900964736938477,-15.522872924804688,-0.3669223487377167,-21.24480438232422,-7.596333980560303,-22.72417449951172,-9.40095329284668,-7.062468528747559,-6.678309440612793,-4.641213893890381,3.293290615081787,0.04352813959121704
03-01-08-02-02-01-04.wav,1,2.0,3.470125,144.07010458118563,2202.547740738081,0.06558921188116074,1.470125,-380.51495361328125,35.1405143737793,-18.835390090942383,-3.858624219894409,-10.322066307067871,-7.607975959777832,-12.72431755065918,-4.3813371658325195,-3.709280490875244,-3.38680100440979,-7.093520641326904,-1.2667877674102783,0.5732070207595825
03-01-08-02-02-01-11.wav,0,0.0,2.0,184.48971934303495,2344.93871513892,0.10316289961338043,2.0,-290.6114807128906,28.574459075927734,1.1512490510940552,2.8620810508728027,-5.342883586883545,-2.134117841720581,-9.9960355758667,-9.647096633911133,-10.79529857635498,2.80367374420166,-6.116196632385254,-4.874912738800049,-3.5786755084991455
03-01-08-02-02-01-11.wav,1,2.0,3.06975,128.67487623047705,1625.8694687704267,0.016520733013749123,1.06975,-525.0234985351562,67.99554443359375,16.374744415283203,6.861120223999023,10.207650184631348,5.608453273773193,10.158432960510254,0.9121835231781006,0.5120887160301208,3.411001682281494,1.8272567987442017,2.853531837463379,5.073111534118652
03-01-08-02-02-02-04.wav,0,0.0,2.0,333.6480350919308,1720.0137953938668,0.07594458758831024,2.0,-358.2447814941406,17.0312557220459,-16.271696090698242,-1.3339849710464478,-23.42181968688965,-8.194574356079102,-26.539106369018555,-14.154330253601074,-11.60094928741455,-10.724595069885254,-7.926241397857666,1.6645560264587402,-2.0727477073669434
03-01-08-02-02-02-04.wav,1,2.0,3.536875,170.00461134502976,2377.6190922522605,0.048754580318927765,1.536875,-410.58367919921875,28.646774291992188,-18.027633666992188,-10.329991340637207,-13.569453239440918,-6.895887851715088,-20.322832107543945,-5.555948734283447,-4.587707996368408,-6.388387203216553,-11.483903884887695,-4.106753826141357,-1.3468512296676636
03-01-08-02-02-02-11.wav,0,0.0,2.0,225.89891000364824,2590.5941343993654,0.075254887342453,2.0,-303.6177673339844,18.640228271484375,2.4817516803741455,3.5802488327026367,-4.315466403961182,-4.253835678100586,-8.625144958496094,-10.31455135345459,-10.85571002960205,1.922488808631897,-8.430068969726562,-5.139867305755615,-2.735318899154663
03-01-08-02-02-02-11.wav,1,2.0,3.06975,92.22930960369851,1697.8733993415622,0.010263322852551937,1.06975,-584.2264404296875,75.87106323242188,24.280128479003906,9.574267387390137,8.17524528503418,6.938128471374512,11.510385513305664,1.6770517826080322,4.933045387268066,3.026773691177368,-1.4833271503448486,1.5095634460449219,3.909019947052002
input2.wav,0,0.0,2.0,318.0277662697333,2136.425943997111,0.10887834429740906,2.0,-339.5455017089844,6.151329040527344,-15.222455978393555,6.990254878997803,-22.399429321289062,-8.330525398254395,-25.271900177001953,-10.125433921813965,-5.788905620574951,-5.094250202178955,-14.859763145446777,-3.446547508239746,-7.320960521697998
input2.wav,1,2.0,4.0,312.6176591088032,1896.3881279094917,0.16863708198070526,2.0,-288.9301452636719,39.44871520996094,-31.610321044921875,5.158578395843506,-32.230377197265625,-1.2366830110549927,-25.1152286529541,-14.537945747375488,-3.5065839290618896,-11.606106758117676,-15.485522270202637,-10.376522064208984,-6.404701232910156
input2.wav,2,4.0,4.3710625,135.20904295781332,2980.430798169887,0.0001156322832684964,0.3710625,-661.8627319335938,40.94028854370117,1.590044617652893,5.361208438873291,-5.706419467926025,7.078088760375977,-2.7384145259857178,1.3892229795455933,-6.1543869972229,-2.8032751083374023,-6.853562831878662,0.6416921019554138,-3.8219070434570312
processed_audio.wav,0,0.0,2.0,313.9114402278174,2047.8974265463457,0.09593942016363144,2.0,-303.81964111328125,16.920330047607422,-15.501830101013184,-0.3510083854198456,-21.223356246948242,-7.578132629394531,-22.70688819885254,-9.38455581665039,-7.043789863586426,-6.661175727844238,-4.630411148071289,3.308720827102661,0.06195393204689026
processed_audio.wav,1,2.0,3.470125,147.51936907513718,2524.7456981241407,0.06560914218425751,1.470125,-380.46307373046875,35.207847595214844,-18.770246505737305,-3.7890093326568604,-10.251666069030762,-7.549962520599365,-12.66173267364502,-4.312536716461182,-3.6539535522460938,-3.3128247261047363,-7.0255584716796875,-1.2007673978805542,0.6314259171485901
sample_audio.wav,0,0.0,2.0,314.62076759451014,1861.9825502186713,0.09593053162097931,2.0,-303.8385925292969,16.900964736938477,-15.522872924804688,-0.3669223487377167,-21.24480438232422,-7.596333980560303,-22.72417449951172,-9.40095329284668,-7.062468528747559,-6.678309440612793,-4.641213893890381,3.293290615081787,0.04352813959121704
sample_audio.wav,1,2.0,3.470125,144.07010458118563,2202.547740738081,0.06558921188116074,1.470125,-380.51495361328125,35.1405143737793,-18.835390090942383,-3.858624219894409,-10.322066307067871,-7.607975959777832,-12.72431755065918,-4.3813371658325195,-3.709280490875244,-3.38680100440979,-7.093520641326904,-1.2667877674102783,0.5732070207595825
